train_acc: [52.45, 72.9, 73.3, 77.2, 77.55, 79.6, 82.05, 82.25, 83.9, 85.75, 86.55, 87.75, 89.1, 90.25, 90.25, 91.4, 92.0, 91.95, 92.8, 93.6, 94.4, 94.7, 94.55, 96.5, 95.15, 95.5, 95.8, 95.9, 96.15, 97.15, 96.25, 97.05, 97.3, 96.95, 97.15, 97.35, 97.3, 97.3, 97.6, 97.75, 97.8, 97.8, 98.0, 97.95, 97.75, 97.25, 97.35, 97.65, 98.0, 97.8]
val_acc: [64.68200270635995, 74.22192151556158, 83.15290933694182, 72.59810554803789, 90.59539918809202, 72.59810554803789, 74.22192151556158, 75.23680649526386, 79.97293640054127, 88.09201623815967, 83.89715832205684, 88.76860622462787, 90.39242219215156, 89.71583220568336, 93.36941813261164, 94.04600811907984, 94.11366711772666, 93.77537212449256, 97.49661705006766, 93.5723951285521, 96.34641407307171, 95.94046008119079, 95.46684709066305, 97.36129905277402, 95.66982408660351, 98.03788903924222, 95.73748308525033, 95.87280108254397, 97.56427604871448, 96.41407307171853, 97.76725304465494, 97.15832205683355, 99.18809201623816, 97.83491204330176, 97.42895805142084, 97.36129905277402, 99.39106901217862, 98.51150202976996, 98.44384303112314, 98.3085250338295, 95.66982408660351, 95.19621109607577, 96.48173207036535, 97.22598105548037, 98.24086603518268, 99.18809201623816, 97.9702300405954, 98.17320703653586, 98.24086603518268, 98.51150202976996]
train_loss: [1.0581674872636795, 0.8117706842422485, 0.7192518957853318, 0.6566132466197014, 0.640940333545208, 0.6064969835281372, 0.574574262112379, 0.5720589026808739, 0.5545678804516793, 0.5387870998680592, 0.5100932946801185, 0.4967618874013424, 0.4859320065975189, 0.46234651884436606, 0.45161317723989486, 0.435188930362463, 0.4330890555381775, 0.41363007575273514, 0.39959374168515205, 0.38027710258960723, 0.3767918120026588, 0.3734007896184921, 0.374040881216526, 0.3427917794883251, 0.3432262969315052, 0.3413878555893898, 0.3397169470489025, 0.3279901539683342, 0.33576851987838746, 0.3079429127573967, 0.31777208516001704, 0.3079618862271309, 0.2952367069721222, 0.2998597061932087, 0.28928807997703554, 0.28654530170559883, 0.2915858155488968, 0.2794788108468056, 0.2724257541298866, 0.2741251526921987, 0.27284960824251175, 0.2644245631098747, 0.2722031466215849, 0.26747742910683153, 0.2713898829072714, 0.27361308874189855, 0.2717061575353146, 0.266185269549489, 0.26223757335543635, 0.2567891989350319]
val_loss: [0.9684835386050409, 0.6355951188059072, 0.525300199067641, 0.477679324428348, 0.4176808109101165, 0.439178998500149, 0.4467439529698982, 0.4266355173291792, 0.36175084907526256, 0.34003748066713263, 0.3514151880681434, 0.348922169297248, 0.314451476334719, 0.3101915477375539, 0.25392605458085044, 0.24939080938717026, 0.24715908526043448, 0.2613500448823459, 0.18334463517986874, 0.25654308116807023, 0.20214236292771298, 0.22105027170642624, 0.2602938631189047, 0.18299765526966089, 0.2288427775239267, 0.17487609058779857, 0.21447179028928198, 0.1768063541718523, 0.192601379889274, 0.2059589871917429, 0.18485824200192388, 0.1875717621775538, 0.20471525512867594, 0.19517680856428224, 0.18385560935078357, 0.1740570487063857, 0.1610361597575096, 0.19850660177988677, 0.1994952116065806, 0.18958161334747875, 0.221718704516978, 0.2094696424649436, 0.20863141139644087, 0.18776976222396705, 0.184802735519264, 0.1478371538312574, 0.16788196750237266, 0.17181332047438913, 0.17116524552339146, 0.147194349334269]
