train_acc: [43.1, 68.95, 73.7, 77.35, 78.3, 79.7, 82.5, 84.85, 84.6, 88.0, 88.95, 90.95, 91.5, 92.1, 92.75, 92.15, 93.4, 94.85, 94.35, 94.85, 94.8, 96.3, 95.45, 96.1, 96.1, 96.0, 95.95, 96.05, 95.65, 96.45, 97.05, 96.0, 96.8, 97.55, 96.5, 96.65, 97.65, 97.35, 97.5, 96.95, 97.8, 97.7, 97.5, 97.7, 97.3, 97.5, 98.1, 97.15, 97.9, 97.7]
val_acc: [41.00135317997294, 71.38024357239513, 71.65087956698241, 79.63464140730717, 80.10825439783491, 90.73071718538566, 78.41677943166441, 78.82273342354533, 77.26657645466847, 77.87550744248985, 91.00135317997294, 82.61163734776726, 90.39242219215156, 96.48173207036535, 83.35588633288228, 75.98105548037888, 91.06901217861976, 75.84573748308524, 76.99594046008119, 88.43031123139377, 78.01082543978349, 81.59675236806495, 98.51150202976996, 99.05277401894452, 97.90257104194858, 84.70906630581868, 99.12043301759134, 94.79025710419486, 97.09066305818673, 94.11366711772666, 98.51150202976996, 98.9851150202977, 98.84979702300406, 99.45872801082544, 97.36129905277402, 78.61975642760487, 98.03788903924222, 99.59404600811908, 99.18809201623816, 98.10554803788904, 99.6617050067659, 98.84979702300406, 91.27198917456022, 99.18809201623816, 96.2787550744249, 98.37618403247632, 99.6617050067659, 98.91745602165088, 99.59404600811908, 98.9851150202977]
train_loss: [1.1061417733430863, 0.9358072837591171, 0.8163615474700928, 0.72945600938797, 0.6988230773806572, 0.6651599097847939, 0.6245617619752883, 0.5994973247945309, 0.5811411785781384, 0.540786621183157, 0.5299141664803028, 0.5145042316019535, 0.4887719126343727, 0.4848226448893547, 0.46536604276299476, 0.4632183863222599, 0.4357463479936123, 0.4208759876191616, 0.4179324562549591, 0.4191881400644779, 0.3909173277616501, 0.3783245395720005, 0.3847877042591572, 0.3709278075098991, 0.36803459826111795, 0.3630744844973087, 0.3584808104634285, 0.3592865014076233, 0.3610083321928978, 0.3540536857545376, 0.3311011526286602, 0.3404999445080757, 0.32871779334545137, 0.31359160339832304, 0.3276234013140202, 0.3294996743798256, 0.3078134227991104, 0.307545544475317, 0.31046570640802384, 0.30519850209355354, 0.2935247788131237, 0.29660464853048324, 0.29506305822730067, 0.2902457031905651, 0.2967754019796848, 0.29725845497846604, 0.27504916429519655, 0.28653619754314424, 0.2783930316567421, 0.2788536983430386]
val_loss: [1.0724307848732912, 0.8093774955069422, 0.6738716515943065, 0.601832424916821, 0.5144195005358153, 0.45180895924568176, 0.486868712914974, 0.4649563356326623, 0.4551544155577684, 0.478778756096334, 0.3781743755964852, 0.4297387078706886, 0.3990602419082786, 0.3366577769245282, 0.37812474519216, 0.456452010247317, 0.3607335971801949, 0.4729576981116051, 0.48423583706757695, 0.33476073277738644, 0.43324090044375846, 0.36233206776869314, 0.2525189207092996, 0.22879059814390537, 0.2902051675182557, 0.36390647338514237, 0.2534153722982768, 0.31039703803714136, 0.2784337121514409, 0.3050448128270522, 0.2552423032154411, 0.24210178073752717, 0.23500492003354395, 0.21394125380236984, 0.2682246826034599, 0.41192925224365495, 0.26591783580502576, 0.2088738239908412, 0.2516859838781886, 0.2583496374593536, 0.17591750980714016, 0.2332161415131392, 0.30763340888592805, 0.18925211318492566, 0.24359486588807486, 0.21157184823924052, 0.18875828875337144, 0.1892921682018711, 0.16404887264612078, 0.1960135749030823]
