train_acc: [43.8, 62.8, 74.1, 77.4, 76.7, 81.55, 81.45, 83.1, 82.9, 85.25, 86.3, 87.85, 88.85, 89.0, 89.95, 91.75, 91.6, 92.1, 92.9, 93.0, 93.05, 94.85, 93.8, 94.9, 94.55, 96.35, 95.7, 95.8, 95.6, 97.05, 96.15, 96.75, 96.5, 97.35, 97.3, 96.9, 96.3, 96.9, 97.5, 97.55, 97.6, 97.25, 97.4, 97.8, 97.8, 97.95, 97.8, 98.05, 97.55, 98.35]
val_acc: [29.972936400541272, 42.828146143437074, 68.33558863328822, 75.43978349120432, 80.7171853856563, 81.19079837618403, 89.98646820027064, 85.65629228687415, 90.8660351826793, 91.2043301759134, 92.8958051420839, 90.25710419485792, 92.76048714479026, 94.38430311231394, 94.18132611637348, 93.84303112313938, 93.36941813261164, 93.84303112313938, 93.5723951285521, 94.51962110960758, 94.11366711772666, 94.38430311231394, 94.5872801082544, 95.80514208389715, 94.18132611637348, 95.33152909336941, 95.73748308525033, 95.46684709066305, 96.00811907983761, 94.99323410013533, 95.19621109607577, 94.5872801082544, 97.22598105548037, 95.60216508795669, 96.00811907983761, 95.60216508795669, 96.75236806495263, 88.70094722598105, 96.88768606224627, 79.36400541271989, 87.95669824086603, 97.6319350473613, 93.03112313937754, 95.12855209742895, 98.24086603518268, 97.90257104194858, 98.10554803788904, 90.8660351826793, 96.68470906630581, 98.37618403247632]
train_loss: [1.1193625289201736, 1.021491658449173, 0.8877335933446884, 0.7730318629741668, 0.7393448911309243, 0.6674068312644958, 0.6533413202166557, 0.6180687454938889, 0.6109106058478355, 0.5771882917881012, 0.5706193079948425, 0.536591832011938, 0.5166557219922543, 0.5062891200482845, 0.502567521572113, 0.4724349096119404, 0.46114536267518996, 0.4578855020701885, 0.435935411721468, 0.4166914174258709, 0.4264989529848099, 0.39592424088716505, 0.411844673037529, 0.38352883991599085, 0.3909952347874641, 0.36049915438890456, 0.36143112364411356, 0.36956485533714295, 0.3687063022553921, 0.3407868782877922, 0.3478307193219662, 0.334356006860733, 0.33221761843562125, 0.3246643006801605, 0.31991133907437325, 0.3206679550111294, 0.3285519742667675, 0.3138693479001522, 0.3011231235563755, 0.2935775548815727, 0.30474485021829606, 0.3054045753479004, 0.2916752713620663, 0.29160839654505255, 0.28295730471611025, 0.28513088420033456, 0.28070829463005065, 0.2801590511798859, 0.2855026653409004, 0.26783292810618875]
val_loss: [1.1285991413828806, 1.0885273141531886, 0.8162546813165383, 0.6604290946168732, 0.6132607672550037, 0.5502580945885391, 0.5002180371378045, 0.5467441621588112, 0.4539814517607708, 0.42973861001502517, 0.4177638982928009, 0.41614075273235046, 0.37390776758910194, 0.3404524836472471, 0.3501343014114442, 0.32075037347488056, 0.3400263554632099, 0.3273661857690153, 0.363586167178554, 0.2876546059070969, 0.31109964827400743, 0.27350806264415967, 0.2557505718526885, 0.2549713239255229, 0.2813498089253822, 0.2340009756920625, 0.26252470507270104, 0.28511279299149495, 0.2648844831246323, 0.26102837387860545, 0.29048959025672066, 0.3103565873127022, 0.22208301934724892, 0.24620214226644319, 0.24924093583681908, 0.28895426655493184, 0.23570677587644012, 0.3409605945923009, 0.2763348586948057, 0.39237558053294763, 0.31087987361846336, 0.24784054843071188, 0.27231214767137946, 0.29624637921059727, 0.2741727744694169, 0.2567719584671183, 0.2212553745354948, 0.2976643905870324, 0.23031689335512695, 0.24327675135193721]
