train_acc: [52.45, 73.35, 76.35, 77.35, 79.2, 81.55, 82.2, 82.05, 82.9, 83.5, 85.8, 86.95, 88.0, 89.2, 89.5, 90.3, 92.2, 91.7, 93.85, 94.65, 93.95, 94.5, 94.7, 95.65, 95.35, 95.95, 96.05, 96.75, 97.5, 97.1, 97.15, 97.4, 98.0, 97.8, 96.65, 97.65, 98.0, 98.65, 98.1, 98.1, 97.7, 97.8, 98.35, 98.3, 98.3, 98.2, 98.55, 98.85, 98.0, 98.5]
val_acc: [63.12584573748308, 82.27334235453316, 89.5128552097429, 90.59539918809202, 91.67794316644114, 90.73071718538566, 91.81326116373478, 91.47496617050068, 92.42219215155616, 92.08389715832206, 93.03112313937754, 87.48308525033829, 90.93369418132612, 82.54397834912044, 78.07848443843031, 82.94993234100136, 78.21380243572395, 81.3937753721245, 85.52097428958051, 81.25845737483085, 86.46820027063599, 87.95669824086603, 89.58051420838972, 90.39242219215156, 88.97158322056833, 88.09201623815967, 86.40054127198917, 96.34641407307171, 88.02435723951285, 83.15290933694182, 95.53450608930987, 88.43031123139377, 88.76860622462787, 85.52097428958051, 87.21244925575101, 92.5575101488498, 88.4979702300406, 91.13667117726658, 95.60216508795669, 87.28010825439783, 80.10825439783491, 80.31123139377537, 82.27334235453316, 78.75507442489851, 78.01082543978349, 79.09336941813261, 93.43707713125846, 88.63328822733423, 78.61975642760487, 78.21380243572395]
train_loss: [1.0758448451757432, 0.8573936182260513, 0.7459068444371223, 0.688722977757454, 0.6571049354672432, 0.6124553238451481, 0.5929439722299575, 0.5819505816698074, 0.5733382812738419, 0.5498960656523705, 0.5268851974606514, 0.5108202997148037, 0.5064125615358352, 0.48449979442358015, 0.4685199202299118, 0.4642503349483013, 0.4362848183214664, 0.437739461928606, 0.4048099601268768, 0.39565665382146836, 0.39610303652286527, 0.39682083934545515, 0.3774864466488361, 0.38641594475507735, 0.3731064232587814, 0.35779810094833375, 0.35462058410048486, 0.3395149146318436, 0.3401770422756672, 0.32844279876351357, 0.3364337765872478, 0.3189139881134033, 0.3057976803481579, 0.3179539213776588, 0.3268733674287796, 0.3160783546566963, 0.3086179744005203, 0.29569254618883134, 0.29797213965654373, 0.30189421540498734, 0.29583388051390647, 0.2942727275490761, 0.2914470654428005, 0.2863080829977989, 0.28391646829247474, 0.27255404683947565, 0.27444063863158225, 0.26649923565983774, 0.2790074966549873, 0.2720542607009411]
val_loss: [0.9477545742414317, 0.6136726913255348, 0.5410648241578645, 0.5175943389151835, 0.4417021355222462, 0.4281062454348165, 0.3997879855244021, 0.4058108066633364, 0.36471435742223374, 0.37787631736798605, 0.3245423472056692, 0.35463503489071685, 0.2896963822906169, 0.33785957033482555, 0.4511184772232066, 0.3568632060482957, 0.40211810079858173, 0.39494569754890885, 0.367747373384939, 0.42784201974838126, 0.3729361021671953, 0.3368493295974112, 0.29280562112070063, 0.25917881857276126, 0.3010719089651624, 0.3264365897530309, 0.31851526841783395, 0.22938284711440943, 0.32631932301837474, 0.37536012666635166, 0.2067605820717605, 0.3372084184855989, 0.33879169156328753, 0.3645299890246217, 0.3059156716212691, 0.27607800225766327, 0.30422937130008565, 0.2966403497007445, 0.21890638673902366, 0.3352645685409822, 0.4380071434987575, 0.4075723507810833, 0.37971634729305365, 0.42621138343065773, 0.5427853848800285, 0.444911786563019, 0.2370726984594123, 0.3135456742066008, 0.50563756417841, 0.5089310323756506]
