train_acc: [46.3, 70.3, 72.5, 78.75, 76.8, 79.95, 79.25, 82.3, 80.1, 81.35, 82.65, 82.15, 81.95, 82.4, 83.2, 83.85, 84.7, 86.05, 86.4, 87.35, 88.45, 88.3, 88.8, 91.05, 89.95, 90.4, 91.2, 91.15, 93.3, 92.7, 94.25, 92.9, 94.25, 95.05, 95.55, 95.95, 95.35, 95.35, 95.25, 96.0, 95.9, 96.65, 96.35, 97.2, 95.7, 97.0, 97.0, 97.0, 96.55, 96.65]
val_acc: [47.970230040595396, 70.63599458728011, 80.04059539918809, 90.12178619756428, 86.94181326116373, 90.46008119079838, 91.5426251691475, 91.81326116373478, 91.67794316644114, 92.42219215155616, 92.15155615696888, 92.5575101488498, 92.28687415426252, 92.96346414073072, 93.234100135318, 93.5723951285521, 92.48985115020298, 91.27198917456022, 94.04600811907984, 93.03112313937754, 91.33964817320704, 94.11366711772666, 92.8958051420839, 87.75372124492557, 92.2192151556157, 88.02435723951285, 93.97834912043302, 88.63328822733423, 82.34100135317998, 96.41407307171853, 95.87280108254397, 92.76048714479026, 87.14479025710419, 77.87550744248985, 96.54939106901217, 90.12178619756428, 98.51150202976996, 93.70771312584574, 96.14343707713125, 96.48173207036535, 96.48173207036535, 94.5872801082544, 92.69282814614344, 83.01759133964818, 80.04059539918809, 96.617050067659, 97.2936400541272, 98.78213802435724, 97.76725304465494, 94.38430311231394]
train_loss: [1.5667788718938827, 1.3586675983667373, 1.1887033395171165, 1.1058286342620849, 1.0608349177837373, 1.062584444463253, 1.010577352643013, 1.0032277923226356, 1.0062001550793647, 0.9696819086670876, 0.9909856498241425, 0.9609008006155491, 0.986270393282175, 0.9601668025255203, 0.9562067252993584, 0.9466129050850868, 0.9552937662005424, 0.9219620108008385, 0.9071867326498032, 0.9100615966320038, 0.8954372155368329, 0.9062308351695537, 0.8635783458650113, nan, 0.8594719154238701, nan, 0.8412655324339867, 0.8567315199971199, nan, nan, nan, nan, nan, nan, nan, nan, nan, nan, nan, nan, nan, nan, nan, nan, nan, nan, nan, nan, nan, nan]
val_loss: [1.0325454623515293, 0.746447041166974, 0.6359672935147731, 0.5545424309651165, 0.47334299092363763, 0.46479188770822, 0.4191699072577473, 0.4090784033596596, 0.4497134022122307, 0.3645541402177333, 0.41350348082059774, 0.37403741398264173, 0.35768891614893294, 0.38090707379845706, 0.3393213037749266, 0.3273110676440883, 0.34722793860429035, 0.3691836424040859, 0.30040089221462024, 0.31933345358329795, 0.36687258071441287, 0.31700137580199234, 0.333259542383183, 0.36369648876225674, 0.3297236740125371, 0.3356600244792937, 0.3008589458643019, 0.3438456704151969, 0.37842536369825086, 0.19921121569867062, 0.2391452606318768, 0.2907225024232361, 0.31504731678753, 0.38990200471248937, 0.21302703301219397, 0.29774589227646064, 0.2494811890130114, 0.29922110840416083, 0.23931154875898877, 0.21766221837842578, 0.23242171382952445, 0.27870212259408744, 0.3011611130829593, 0.3684431787917998, 0.34560125984543877, 0.2888419510990744, 0.2447880235915255, 0.2087502986273359, 0.15030626065434236, 0.2893195345655023]
