train_acc: [62.25, 77.8, 81.3, 87.525, 92.225, 94.1, 94.275, 95.175, 95.775, 96.2, 96.975, 97.15, 97.325, 97.325, 97.8, 98.25, 98.075, 97.625, 98.425, 98.475, 98.2, 98.35, 98.675, 98.475, 98.4, 98.9, 98.75, 98.825, 98.725, 98.925, 98.7, 99.075, 99.05, 99.0, 99.15, 99.075, 98.9, 99.1, 99.05, 99.15, 99.1, 99.05, 99.1, 99.4, 98.975, 99.325, 99.2, 99.15, 99.275, 99.175]
val_acc: [79.90527739673249, 71.24492557510149, 71.9215155589887, 77.74018944261522, 87.95669823570407, 90.66305818673884, 94.18132611637348, 92.69282814614344, 95.26387008439866, 93.43707712609648, 90.1894451936301, 89.98646819510867, 95.60216508279473, 91.40730717185386, 86.60351826276766, 92.62516913717268, 93.97834911010908, 97.09066303753885, 97.15832204650961, 97.69959402536023, 94.11366711772666, 93.43707713125846, 97.42895804109689, 97.97023003027145, 94.38430311231394, 96.48173206004141, 95.06089309878213, 94.5196211044456, 97.90257102130069, 96.75236806495263, 94.65493910690122, 96.54939105868823, 96.48173206004141, 95.60216508795669, 94.2489851150203, 93.5723951285521, 92.5575101488498, 94.31664411366712, 93.03112313937754, 97.36129905277402, 95.94046007086685, 95.94046007086685, 94.72259810554804, 96.278755053777, 95.60216508795669, 96.61705005733505, 97.22598103483249, 94.51962110960758, 97.36129903212613, 96.34641406274777]
train_loss: [0.9285913180112839, 0.6545966503620148, 0.5563152341246604, 0.4660456364154816, 0.37930688193440437, 0.32237420782446863, 0.2992284272611141, 0.2619464876949787, 0.2505382762402296, 0.23730561012029647, 0.21538908451795577, 0.20851819783449174, 0.2004918427169323, 0.19429840096086265, 0.18564824318885803, 0.17649632528424264, 0.17368507808446884, 0.18595090144127607, 0.16570723873376847, 0.1635583481490612, 0.16292899879068137, 0.15579133259132505, 0.14733248704671859, 0.1563632936924696, 0.15570263662189246, 0.15160142877697944, 0.14676578860357403, 0.14422313486784696, 0.1443724881634116, 0.14652993281930685, 0.13994047639518975, 0.1310022731386125, 0.1410574836730957, 0.1312946755774319, 0.12897146018221975, 0.1291799405403435, 0.13939726980775594, 0.13049402163177728, 0.13025236301124096, 0.1285376286096871, 0.1263478183709085, 0.12319550644606352, 0.1288865348659456, 0.11712545321509242, 0.12528804625570775, 0.1169132619611919, 0.12139866437762975, 0.11409578725323082, 0.11494728009030222, 0.12337625983729958]
val_loss: [0.5451833790468105, 0.5271613814834006, 0.4737310860411885, 0.41437250125714664, 0.37590250913280593, 0.30717404434742235, 0.27310045630102714, 0.2680687693846242, 0.23691278433928792, 0.24800643296622454, 0.30039778398160843, 0.27324965723231937, 0.19080660049583012, 0.23709528148174286, 0.3052116625000885, 0.2418723682266772, 0.19707275017672526, 0.14449150846194833, 0.1433475111511628, 0.13856222917085087, 0.18930714185247563, 0.22014891384459317, 0.1308782696320659, 0.11845746608161152, 0.19072467905339432, 0.14129768398682385, 0.15742837817122068, 0.17774028142508377, 0.12222486425881779, 0.13502659415763188, 0.17028172230486618, 0.14070689032945646, 0.14085070666868407, 0.1509614730800763, 0.18148891756837843, 0.19277468227928804, 0.21007211179710691, 0.17514838703753016, 0.20479478466252674, 0.12120087285487029, 0.14432170296513824, 0.1503456264371317, 0.1748287056311864, 0.15185671422696082, 0.15113229927618224, 0.14206252257177085, 0.11988669917168894, 0.17156875986449613, 0.11824133917588504, 0.13316138447621517]
