train_acc: [66.425, 77.9, 81.4, 85.875, 91.2, 92.85, 94.075, 95.425, 95.175, 96.0, 96.725, 96.675, 97.125, 97.075, 97.7, 96.975, 97.875, 97.2, 97.3, 97.55, 97.775, 98.25, 97.525, 98.075, 97.75, 98.2, 98.125, 98.375, 97.7, 98.425, 98.6, 98.2, 98.3, 97.975, 98.45, 98.675, 98.075, 98.475, 98.425, 98.65, 98.125, 98.75, 98.425, 98.25, 98.525, 98.65, 98.65, 98.625, 98.5, 98.65]
val_acc: [71.04194857916103, 72.39512855209743, 89.98646820027064, 79.90527740189445, 92.28687414910054, 96.14343706680731, 94.45196211096076, 97.49661703974371, 97.22598103483249, 96.88768604159839, 96.88768604159839, 97.09066303753885, 97.49661702941977, 95.06089307813426, 97.69959402536023, 97.90257102130069, 98.24086601453479, 98.10554801724115, 96.21109605513018, 97.2936400334793, 96.82002704295157, 96.278755053777, 98.30852501318161, 98.78213800370935, 97.69959402536023, 97.90257102130069, 97.76725302400705, 98.84979700235617, 98.37618401182843, 98.03788901859433, 97.36129903212613, 97.42895803077295, 96.41407305107064, 97.76725302400705, 97.02300403889203, 97.90257102130069, 97.76725304465494, 95.73748308525033, 96.88768604159839, 97.22598103483249, 97.22598103483249, 98.03788901859433, 96.07577805783654, 97.83491202265387, 98.24086601453479, 98.24086601453479, 98.57916100776889, 97.90257102130069, 97.2936400334793, 97.90257102130069]
train_loss: [0.8849543570280075, 0.6400081766843796, 0.5543553742766381, 0.48615881699323654, 0.4143812951743603, 0.3654781496524811, 0.32010499043762686, 0.28651541423797605, 0.27899279825389384, 0.25683336815238, 0.24477090404927732, 0.24092113992571831, 0.22238549822568893, 0.2194654040634632, 0.19901317273825406, 0.21284993159025908, 0.18589843049645424, 0.19785069769620894, 0.19572537007927895, 0.17803711538016795, 0.18021226499974727, 0.1708029830083251, 0.17938536930829285, 0.1716041909083724, 0.16877608348429202, 0.16074201395735144, 0.161871464651078, 0.15886729595065116, 0.16728371764719485, 0.15301431199163198, 0.14735158540681004, 0.1561808985248208, 0.14813494673743843, 0.1594084101691842, 0.14558188055455684, 0.14079914402216673, 0.14772668823227286, 0.14453543557971715, 0.14938308406621217, 0.14103374616988004, 0.1439437559209764, 0.1371567858569324, 0.13622210446745156, 0.14590253388509156, 0.1323931725397706, 0.1339814831353724, 0.13097960436344147, 0.13338082978129387, 0.1295068052187562, 0.1346243070550263]
val_loss: [0.6124585057143752, 0.4623286965251453, 0.45000671574162854, 0.44322649684907295, 0.3320351424091401, 0.27366112961014166, 0.2798189136410114, 0.2019271077701623, 0.20299199719551614, 0.20652792302334583, 0.19118623049357586, 0.20263425737659727, 0.17405601313617458, 0.21397749899164428, 0.13942160329331565, 0.13655992475349624, 0.12676448705675475, 0.13711721896721965, 0.17646873668743568, 0.14807099410419697, 0.16406349132041648, 0.177805767199264, 0.1272940959110957, 0.11913899440162075, 0.1290438908261924, 0.12085228934581613, 0.12455097363104839, 0.10363490299822029, 0.1127927672314547, 0.11022979173310232, 0.13024849360947358, 0.13111399595042203, 0.15474677596024472, 0.12183080283932499, 0.13111886272209422, 0.123026190877606, 0.1276145813752253, 0.16993745635181706, 0.13878077279690637, 0.13083348073397985, 0.13143563893634994, 0.11942690767156255, 0.16126019265679126, 0.10445235503260274, 0.10450287824635254, 0.1048216992971539, 0.0960733061794983, 0.10763463186395023, 0.11615512263992643, 0.11387770880059073]
