train_acc: [47.25, 73.2, 74.55, 81.15, 87.5, 90.35, 91.85, 93.65, 94.95, 94.95, 94.85, 95.65, 95.8, 96.35, 96.35, 96.35, 96.55, 97.05, 97.35, 96.65, 97.2, 96.95, 97.3, 97.4, 97.45, 97.8, 97.5, 97.45, 97.8, 97.7, 98.0, 98.1, 97.4, 97.95, 98.15, 97.85, 98.0, 98.15, 98.45, 98.3, 97.9, 98.2, 98.7, 98.0, 98.35, 98.15, 98.2, 98.6, 98.8, 97.65]
val_acc: [86.12990527740189, 74.08660351826794, 76.31935047361299, 74.49255751014886, 76.92828146143437, 79.43166441136671, 79.16102841677943, 82.61163734776726, 93.03112313937754, 81.12313937753721, 83.22056833558864, 81.46143437077131, 95.06089309878213, 89.44519621109607, 97.56427604871448, 97.36129905277402, 93.43707713125846, 98.9851150202977, 99.39106901217862, 97.49661705006766, 81.79972936400542, 83.22056833558864, 97.9702300405954, 89.24221921515561, 98.03788903924222, 94.04600811907984, 91.67794316644114, 97.83491204330176, 95.60216508795669, 98.17320703653586, 97.69959404600812, 93.09878213802436, 96.14343707713125, 95.26387009472259, 88.22733423545331, 85.58863328822733, 91.33964817320704, 94.2489851150203, 81.93504736129906, 88.56562922868741, 88.09201623815967, 94.2489851150203, 88.22733423545331, 89.78349120433018, 90.46008119079838, 94.18132611637348, 88.36265223274695, 82.94993234100136, 84.1001353179973, 86.26522327469553]
train_loss: [1.2572604990005494, 0.9942406824827195, 0.8813863742947579, 0.7984336771965027, nan, nan, nan, nan, nan, nan, nan, nan, nan, nan, nan, nan, nan, nan, nan, nan, nan, nan, nan, nan, nan, nan, nan, nan, nan, nan, nan, nan, nan, nan, nan, nan, nan, nan, nan, nan, nan, nan, nan, nan, nan, nan, nan, nan, nan, nan]
val_loss: [0.7207663022939504, 0.5260268521970276, 0.41595381814910853, 0.46154564635195494, 0.4306951257146905, 0.35052044915491576, 0.367708839697912, 0.32867527215745357, 0.26158786965319847, 0.3359799771210499, 0.3246172118896722, 0.3466813313057684, 0.21528538195504549, 0.25031806252322114, 0.18135951112587817, 0.17300204120082366, 0.22252666859488043, 0.11793629763111049, 0.10238549575028143, 0.1606642980940126, 0.4063740807997519, 0.34618307341580784, 0.1401604430722287, 0.2669501451319222, 0.14804064490516067, 0.2026662701824037, 0.23325848025906232, 0.13728240154008098, 0.18008675676277752, 0.12523158460210237, 0.14264605965601415, 0.21962927050475178, 0.1615300272693492, 0.17400503290643227, 0.2877612234129796, 0.3494940613760677, 0.23176097199421614, 0.18511584928418046, 0.46273092903368207, 0.2861997868074293, 0.28709118122156807, 0.20031806709136465, 0.3102417918519496, 0.253621047682788, 0.2518169581890106, 0.18116698658071126, 0.29741943295898876, 0.4027743333237339, 0.41241489796419106, 0.34660987085152384]
