train_acc: [49.0, 73.4, 79.35, 84.25, 86.65, 89.3, 91.15, 91.85, 92.1, 94.65, 93.4, 94.05, 93.9, 94.55, 95.2, 95.7, 95.35, 96.2, 96.3, 96.2, 95.25, 95.85, 96.25, 96.05, 96.45, 96.15, 96.0, 95.95, 95.95, 97.45, 96.15, 96.95, 96.9, 96.2, 96.25, 96.3, 96.05, 97.45, 97.05, 96.85, 95.8, 97.3, 96.8, 96.9, 97.45, 97.0, 97.3, 96.6, 97.3, 97.4]
val_acc: [76.58998646820027, 76.79296346414073, 75.3721244925575, 76.0487144790257, 78.14614343707713, 78.61975642760487, 80.04059539918809, 82.67929634641408, 81.79972936400542, 82.61163734776726, 90.1894451962111, 88.09201623815967, 93.97834912043302, 97.09066305818673, 97.90257104194858, 97.9702300405954, 96.41407307171853, 99.12043301759134, 98.24086603518268, 95.80514208389715, 96.54939106901217, 98.91745602165088, 99.12043301759134, 99.12043301759134, 97.15832205683355, 98.84979702300406, 99.05277401894452, 99.18809201623816, 99.25575101488498, 98.91745602165088, 98.84979702300406, 98.78213802435724, 98.91745602165088, 98.9851150202977, 98.57916102841678, 98.6468200270636, 98.9851150202977, 99.05277401894452, 98.9851150202977, 99.18809201623816, 99.25575101488498, 99.25575101488498, 99.18809201623816, 99.05277401894452, 99.12043301759134, 99.25575101488498, 99.18809201623816, 98.84979702300406, 99.3234100135318, 98.71447902571042]
train_loss: [1.2308552198410034, 0.9816839411258698, 0.8534113309383392, 0.7586709008812904, 0.6997468893527985, 0.6461109710931778, 0.6117730981111527, 0.5861726220846176, 0.5589821369647979, 0.5305944586396217, 0.5316459689140319, 0.5190570933818817, 0.510901547908783, 0.4999136692881584, 0.47960887652635575, 0.46827375066280363, 0.4656882557272911, 0.4536637895703316, 0.4498839306235313, 0.4489238896369934, 0.462867996096611, 0.44802080661058424, 0.4367764410376549, 0.4398965344130993, 0.42465809315443037, 0.43327559953927997, 0.4328075152337551, 0.4358357050418854, 0.43017406076192855, 0.4019398103952408, 0.4204589404761791, 0.40719679230451583, 0.4026538632810116, 0.4205140221118927, 0.42128131645917893, 0.4122037491798401, 0.4145336629152298, 0.39287494054436684, 0.39591677793860436, 0.3963689662218094, 0.43016694021224977, 0.3922507094442844, 0.4041164429783821, 0.3964652071297169, 0.37750338983535764, 0.4019854650199413, 0.388894179970026, 0.3967068777382374, 0.3873614324629307, 0.39693893349170684]
val_loss: [0.9019261788934752, 0.615927925855123, 0.5890366003139094, 0.6095940779607254, 0.5303068418706061, 0.50988284814019, 0.43245698160747714, 0.37192151218612396, 0.38386615217538583, 0.4009971101245312, 0.25857293956657224, 0.31608196939763905, 0.23452516373987933, 0.17652909829708494, 0.17956939044235845, 0.15820387535109734, 0.1802956689658281, 0.12086096329359951, 0.14483190505325552, 0.2089701634359134, 0.17046073622527722, 0.13544936650539768, 0.10949089780389376, 0.10635846912235788, 0.17652943109304559, 0.11529153321790275, 0.11427036345670445, 0.0922511600371304, 0.09231732102143748, 0.10837685921719659, 0.10875997835510638, 0.12219841256031971, 0.10243525573824998, 0.09553569626864626, 0.14998234551858677, 0.10802617588449719, 0.10334674213005983, 0.09395193396809137, 0.13399309420980846, 0.09108007469382112, 0.09992847090564336, 0.08060138767360835, 0.10322420958414452, 0.11155547259100719, 0.09889519800392958, 0.10492022879956056, 0.10398468417046196, 0.11326845337577537, 0.08389413888605264, 0.1310476971404559]
