train_acc: [60.3, 73.4, 76.4, 83.0, 86.95, 89.2, 91.7, 93.6, 93.15, 94.5, 95.95, 94.35, 94.65, 95.45, 96.0, 96.25, 97.05, 96.35, 96.5, 96.9, 97.45, 96.65, 97.0, 96.95, 97.4, 98.0, 97.3, 97.25, 97.15, 98.0, 97.3, 96.55, 97.45, 97.55, 98.3, 97.6, 97.65, 96.8, 97.4, 98.3, 98.05, 97.65, 98.15, 98.4, 98.4, 98.2, 97.3, 98.05, 98.0, 97.55]
val_acc: [70.16238159675237, 70.63599458728011, 72.936400541272, 75.50744248985114, 76.99594046008119, 77.87550744248985, 80.51420838971583, 79.09336941813261, 80.85250338294993, 87.88903924221921, 91.94857916102842, 83.4235453315291, 89.1745602165088, 89.64817320703654, 92.69282814614344, 90.73071718538566, 91.47496617050068, 92.15155615696888, 91.5426251691475, 78.68741542625169, 90.1894451962111, 84.97970230040596, 93.30175913396482, 91.8809201623816, 89.44519621109607, 90.1894451962111, 94.38430311231394, 84.30311231393776, 91.94857916102842, 93.77537212449256, 90.5277401894452, 83.62652232746956, 85.31799729364005, 88.15967523680649, 82.54397834912044, 85.92692828146143, 91.5426251691475, 79.56698240866035, 85.45331529093369, 86.19756427604871, 89.64817320703654, 85.79161028416779, 84.97970230040596, 83.69418132611638, 85.31799729364005, 80.51420838971583, 79.63464140730717, 79.70230040595399, 79.56698240866035, 79.56698240866035]
train_loss: [1.0704454916715622, 0.8263534506559372, 0.7269110228419304, 0.6330453033447265, 0.5695071834027767, 0.5211822927594185, 0.48005532160401343, nan, nan, nan, nan, nan, nan, nan, nan, nan, nan, nan, nan, nan, nan, nan, nan, nan, nan, nan, nan, nan, nan, nan, nan, nan, nan, nan, nan, nan, nan, nan, nan, nan, nan, nan, nan, nan, nan, nan, nan, nan, nan, nan]
val_loss: [0.8016411532245888, 0.6057643188272019, 0.49227724844370546, 0.5071309325014303, 0.4869257603470786, 0.48312938904971975, 0.40515265661179617, 0.43045924912447536, 0.34606114372671537, 0.2818933155826206, 0.23740028368160432, 0.3299951503943042, 0.27035225362230864, 0.248294966731407, 0.227822916685567, 0.20880894900295827, 0.2053982924281825, 0.22015279050568606, 0.2070449677337571, 0.4564270049091605, 0.227501386355644, 0.3521192308127154, 0.1956380103514385, 0.2191138325690094, 0.26162311963041357, 0.2809381408967249, 0.1770756941223177, 0.3609716291961554, 0.23225576889289087, 0.1858601107064216, 0.2434282626538299, 0.3769126779806872, 0.35250989647635106, 0.31849384035647965, 0.4275297127835483, 0.3618551506906627, 0.21881202708158506, 0.5217450758964025, 0.3389715711625245, 0.3371994954273004, 0.2683866187042893, 0.3747219719365743, 0.3667659473394993, 0.4242785635211471, 0.400233584666607, 0.5206154269772469, 0.5502445912580932, 0.5251449598995048, 0.5751435661559902, 0.5766122201974321]
