train_acc: [53.675, 74.225, 80.6, 84.725, 89.725, 92.15, 91.975, 93.375, 94.125, 94.125, 94.0, 95.675, 95.05, 95.85, 95.15, 95.425, 95.125, 95.95, 95.525, 95.775, 96.35, 96.6, 95.95, 96.575, 96.95, 96.375, 96.85, 96.25, 96.75, 96.875, 96.575, 96.75, 97.175, 96.325, 96.325, 96.725, 96.85, 97.325, 96.45, 97.175, 96.3, 96.75, 97.475, 96.85, 97.2, 97.425, 97.425, 97.65, 97.15, 97.175]
val_acc: [73.47767252012261, 68.2679296346414, 69.2828146143437, 65.76454668212808, 73.47767252528458, 68.67388362652233, 73.20703653585927, 71.24492557510149, 74.08660351826794, 74.15426251691476, 70.29769959404601, 71.44790257104195, 76.86062246278755, 76.86062246278755, 77.46955345060893, 76.18403247631935, 76.3870094722598, 76.58998646820027, 76.99594046008119, 76.45466847090663, 78.07848443843031, 78.07848443843031, 76.92828146143437, 76.65764546684709, 77.53721244925575, 78.21380243572395, 75.7104194857916, 77.60487144790257, 77.063599458728, 76.86062246278755, 75.7104194857916, 76.92828146143437, 74.83085250338296, 75.10148849797022, 75.30446549391068, 75.10148849797022, 75.98105548037888, 76.3870094722598, 78.14614343707713, 76.18403247631935, 76.11637347767252, 76.65764546684709, 75.91339648173206, 76.92828146143437, 77.40189445196211, 76.18403247631935, 75.98105548037888, 75.98105548037888, 75.50744248985114, 75.43978349120432]
train_loss: [1.132605395257473, 0.8917152649760246, 0.7982749381065368, 0.7218230918645859, 0.6367834548354149, 0.5981188460588455, 0.5780604952573776, 0.5315010437369346, 0.5180799517035485, 0.49950484237074855, 0.47231688976287844, 0.44348297053575514, 0.4485165962278843, 0.44216377894580366, 0.4658869908452034, 0.4248550730794668, 0.43016134533286093, 0.4172016749829054, 0.4497256652265787, 0.4315729955732822, 0.39101341739296913, 0.4264079135209322, 0.4059021528959274, 0.4166785050779581, 0.397194808870554, 0.39496963196992874, 0.4029871392995119, 0.3882148863375187, 0.3983526394814253, 0.3832016042470932, 0.37315391141176224, 0.35580648793280123, 0.3795532478392124, 0.4166261740624905, 0.37218157267570495, 0.3938001324981451, 0.37779942934215066, 0.37835138228535653, 0.37655781799554827, 0.3723894867002964, 0.39326784111559393, 0.36781153762340546, 0.3545572861582041, 0.4184454405605793, 0.3625490212738514, 0.38848402290791273, 0.3695610160306096, 0.388036259457469, 0.3528403601422906, 0.38273877374082804]
val_loss: [0.6319986610031902, 0.6214372969770625, 0.5965601942213365, 0.6933384152565338, 0.5435333807268388, 0.6609105463763535, 0.6249249752545389, 0.6857076236053152, 0.6534139485336609, 0.6449076901712986, 0.7712631012856235, 0.8172005921077986, 0.7345327613358569, 0.5939642208879146, 0.6865215864491236, 0.6726339334201104, 0.7099134462087823, 0.6777161239609828, 0.6899849082644479, 0.7631961794441543, 0.7699386262724299, 0.7093686082769634, 0.7922748230266635, 0.7238612295164952, 0.7795912897836855, 0.7955084127526483, 0.6346214391260896, 0.7170410123786036, 0.7670808982945908, 0.8122342159122188, 0.8302155392136077, 0.8268401440086803, 0.8971858017943064, 0.7881048574378268, 0.8499263110841563, 0.7782057870144128, 0.7538344734657118, 0.8176140974355164, 0.7003578288992299, 0.7474676271615719, 0.7261776338269649, 0.6808461937272017, 0.650169773196174, 0.7843448414249252, 0.7145820022919827, 0.751757185397032, 0.7308392616364404, 0.7127163022232313, 0.8463919939264071, 0.7888921542604818]
