train_acc: [59.65, 73.05, 75.3, 83.8, 88.35, 89.95, 92.7, 93.5, 93.9, 93.95, 95.4, 94.95, 96.15, 96.5, 96.5, 96.35, 96.5, 96.5, 97.3, 97.1, 97.05, 97.6, 97.25, 96.85, 97.15, 98.15, 98.0, 97.4, 97.75, 97.85, 97.75, 97.45, 97.65, 97.95, 97.55, 98.1, 98.1, 97.85, 98.0, 97.85, 98.05, 98.5, 98.05, 97.65, 98.1, 98.2, 98.0, 98.45, 98.1, 98.45]
val_acc: [70.63599458728011, 70.90663058186739, 72.32746955345061, 78.68741542625169, 86.40054127198917, 89.64817320703654, 98.37618403247632, 93.77537212449256, 95.60216508795669, 98.51150202976996, 98.91745602165088, 99.12043301759134, 98.6468200270636, 99.39106901217862, 99.05277401894452, 99.25575101488498, 99.52638700947226, 99.3234100135318, 99.3234100135318, 99.25575101488498, 99.39106901217862, 99.3234100135318, 99.3234100135318, 99.25575101488498, 99.3234100135318, 99.3234100135318, 99.45872801082544, 99.18809201623816, 99.45872801082544, 99.45872801082544, 99.39106901217862, 99.3234100135318, 99.18809201623816, 99.45872801082544, 99.25575101488498, 99.52638700947226, 99.45872801082544, 99.59404600811908, 99.45872801082544, 99.52638700947226, 99.52638700947226, 99.52638700947226, 99.45872801082544, 99.59404600811908, 99.3234100135318, 99.3234100135318, 99.59404600811908, 99.6617050067659, 99.59404600811908, 99.6617050067659]
train_loss: [0.9487633588314056, 0.6808701097965241, 0.5963845087587833, 0.48335211163759234, 0.42338274389505387, 0.3994622369557619, 0.34870878217369317, 0.3151406994909048, 0.30286027561873197, 0.2926273147314787, 0.2611090335547924, 0.2594629721567035, 0.24776056285202502, 0.23879413960129023, 0.22475568675249816, 0.2429625984877348, 0.2239401243403554, 0.22592802441120147, 0.19930860767513514, 0.2090995877534151, 0.20384928383678197, 0.1859682255834341, 0.20466863961517812, 0.19940351814776658, 0.19668805134296416, 0.17730355767160655, 0.1766062635332346, 0.1827905321493745, 0.17897663000971079, 0.18464389721304178, 0.1744268261939287, 0.18459560662508012, 0.17052043637260794, 0.16615142638236285, 0.17092235889285803, 0.1649980170726776, 0.15501894380152226, 0.1673449551165104, 0.15681622524932026, 0.16359718078374863, 0.1561444109529257, 0.14599426387250422, 0.1596248143054545, 0.16651826771721243, 0.1644661057293415, 0.1492427236586809, 0.15519144413247704, 0.1507605815194547, 0.14923022339865566, 0.1450287583246827]
val_loss: [0.6504822387908243, 0.48340919257944426, 0.4566313329383388, 0.3868459569282719, 0.3216722899082549, 0.25712783631638036, 0.15038813148021538, 0.2029432060653205, 0.18149886520249273, 0.13443565247668626, 0.1276589006901352, 0.13246097621357975, 0.1462402733771259, 0.09606167477466096, 0.09467627884913361, 0.09343941637260665, 0.08418517833996529, 0.06918161411559227, 0.0808003985843494, 0.10050805861001812, 0.08977222301479283, 0.07836576079110412, 0.07362116460155328, 0.1069751567432861, 0.09343531302835525, 0.09692217788441014, 0.0703601759678214, 0.08037568044789509, 0.07087625852497408, 0.07954873988740095, 0.07147949974333644, 0.0774552526307848, 0.08391409842184012, 0.07622543373554744, 0.08182165671911226, 0.07180771165614361, 0.0709755610528431, 0.06792288143011327, 0.07668357571594528, 0.07474833522092787, 0.07991869399810515, 0.07705482377775306, 0.08013811033516517, 0.07921579330201804, 0.08358055161355071, 0.07987225269180431, 0.08309536043136143, 0.07203446076086474, 0.06926265505869672, 0.0635964067247022]
