train_acc: [48.2, 72.3, 78.3, 79.5, 80.95, 79.55, 82.05, 81.05, 83.55, 83.6, 82.95, 85.55, 86.65, 87.3, 88.55, 88.8, 89.6, 89.6, 90.65, 91.85, 92.45, 93.05, 91.8, 93.7, 93.1, 93.05, 93.95, 94.1, 93.7, 94.55, 95.1, 94.5, 95.2, 94.95, 95.1, 95.65, 94.7, 96.1, 94.9, 96.25, 96.75, 95.55, 96.2, 97.3, 97.1, 96.25, 96.85, 97.15, 96.95, 97.35]
val_acc: [43.369418132611635, 70.56833558863329, 73.41001353179973, 84.16779431664412, 88.43031123139377, 90.32476319350474, 73.9512855209743, 81.12313937753721, 91.8809201623816, 72.936400541272, 86.73883626522327, 73.88362652232748, 84.03247631935048, 93.234100135318, 93.09878213802436, 93.43707713125846, 92.2192151556157, 93.9106901217862, 93.30175913396482, 93.84303112313938, 94.9255751014885, 93.84303112313938, 93.84303112313938, 93.9106901217862, 93.9106901217862, 75.64276048714478, 92.82814614343708, 85.25033829499323, 94.72259810554804, 94.38430311231394, 94.79025710419486, 94.31664411366712, 93.9106901217862, 86.53585926928281, 94.38430311231394, 93.43707713125846, 92.42219215155616, 93.97834912043302, 85.72395128552097, 78.07848443843031, 91.5426251691475, 94.04600811907984, 94.5872801082544, 90.25710419485792, 94.65493910690122, 80.92016238159675, 81.3937753721245, 95.06089309878213, 92.96346414073072, 93.30175913396482]
train_loss: [1.064135956287384, 0.8874968353509903, 0.749761153459549, 0.6865793258547783, 0.6469441338181495, 0.6241168417930603, 0.5991000040769577, 0.596091127872467, 0.5520983195006848, 0.5385584853589535, 0.556141236692667, 0.5127884798645973, 0.5080072127580643, 0.4960018692016602, 0.47707817462086677, 0.4670422475636005, 0.46339680929481986, 0.45378102266788484, 0.43362839144468307, nan, 0.42130582642555237, 0.3909633174836636, nan, nan, 0.3819447504580021, nan, nan, nan, nan, nan, nan, nan, nan, 0.33585189093649387, nan, nan, nan, nan, nan, nan, nan, nan, nan, nan, nan, nan, nan, nan, nan, nan]
val_loss: [1.0365764746323973, 0.8037917750291476, 0.6278823229392262, 0.5160898509786964, 0.5245622450911789, 0.4839368238339405, 0.5100846539008279, 0.4554264956382034, 0.4342462595688313, 0.4668073106723483, 0.43080129477426066, 0.49490161486101086, 0.4028811095249669, 0.36510167604612237, 0.33835511264442913, 0.334789203714292, 0.3607939251866166, 0.30251477564986246, 0.3009123752783374, 0.3116294609758302, 0.29804315662997016, 0.3131683027429736, 0.28638916497946754, 0.26469023654764173, 0.2873187606929926, 0.4428364797640234, 0.31757344696695977, 0.4053992728661136, 0.2949247261829402, 0.25137661363178404, 0.28896422313175923, 0.2790254236316165, 0.33018677535495833, 0.34332817784826875, 0.2764334273757728, 0.3374932681554387, 0.28445378616351397, 0.2917749382081632, 0.3692198558653804, 0.39523152347669227, 0.36168016924829055, 0.30940635191813537, 0.2783647276188911, 0.37988142473610553, 0.2728870222004728, 0.37488115884373735, 0.38338596301206235, 0.27951893054140436, 0.3153365950865094, 0.2906778539469181]
