train_acc: [47.45, 68.85, 73.15, 77.85, 76.5, 78.4, 79.85, 82.2, 83.0, 82.85, 83.8, 86.0, 86.8, 87.7, 89.4, 90.2, 90.9, 90.55, 92.5, 92.2, 93.9, 93.55, 93.25, 95.1, 94.9, 94.65, 95.7, 95.5, 96.5, 96.05, 97.05, 96.9, 96.15, 97.0, 96.45, 97.2, 97.45, 97.35, 97.2, 97.4, 97.35, 97.65, 97.85, 97.65, 97.7, 98.1, 97.9, 97.85, 97.55, 97.55]
val_acc: [62.24627875507443, 70.77131258457375, 82.47631935047362, 87.88903924221921, 89.91880920162382, 91.47496617050068, 92.01623815967524, 91.61028416779432, 92.76048714479026, 91.94857916102842, 92.76048714479026, 92.28687415426252, 89.98646820027064, 92.76048714479026, 92.48985115020298, 93.5723951285521, 93.70771312584574, 93.43707713125846, 95.46684709066305, 92.2192151556157, 94.72259810554804, 95.06089309878213, 95.39918809201623, 87.34776725304465, 95.19621109607577, 97.15832205683355, 95.46684709066305, 97.36129905277402, 98.17320703653586, 98.44384303112314, 93.5723951285521, 98.37618403247632, 92.2192151556157, 97.02300405953991, 98.51150202976996, 97.36129905277402, 98.51150202976996, 96.75236806495263, 97.02300405953991, 97.56427604871448, 98.37618403247632, 97.83491204330176, 98.57916102841678, 98.57916102841678, 98.78213802435724, 97.36129905277402, 98.84979702300406, 98.24086603518268, 98.10554803788904, 98.6468200270636]
train_loss: [1.0729484300613403, 0.8872787849903107, 0.7884954758882523, 0.7033374176621437, 0.688684725344181, 0.6398128693103791, 0.6176214683651924, 0.5897391958236694, 0.5803491914868355, 0.5675428026020527, 0.5473280329406262, 0.5321488136947155, 0.5183990751206875, 0.5076053027510643, 0.48522409826517104, 0.46327267336845396, 0.4431887099444866, 0.4539613216817379, 0.4215381580293179, 0.4198636057674885, 0.3975177572965622, 0.39989529713988303, 0.39599761471152306, nan, 0.3759461834728718, 0.3756496032327414, nan, 0.3646340368837118, 0.3375053868293762, nan, nan, nan, nan, nan, nan, nan, nan, nan, nan, nan, nan, nan, nan, nan, nan, nan, nan, nan, nan, nan]
val_loss: [0.9969496927822717, 0.7281100174086987, 0.6108944161980336, 0.5014003553958319, 0.4702644521151247, 0.4395192749243789, 0.41992896170190286, 0.407401873209641, 0.3724456252038721, 0.38868214798957634, 0.3670806994457529, 0.35221655128450613, 0.3688324204518766, 0.3136183218438183, 0.3466793385426311, 0.30042532840504216, 0.27997342447708684, 0.29136996118399705, 0.2666552362910627, 0.3197767722832495, 0.2559161134296083, 0.2477579230747623, 0.27674807432701204, 0.3434122703233494, 0.22833775112932203, 0.2060948072129883, 0.2579335639699386, 0.24333178735916605, 0.1914602726980217, 0.19288363345017775, 0.2980367723595306, 0.20388242351307115, 0.2908687956923561, 0.23098355260487338, 0.17656054618958691, 0.192472837714123, 0.17400788869683573, 0.20994950301632667, 0.1943060260906271, 0.2214615140135459, 0.15185847007373351, 0.18405838147390519, 0.1691200524891181, 0.16855673725856657, 0.1699782474740271, 0.15894945984119008, 0.15938582058607806, 0.14382242226874878, 0.15719686205598435, 0.17328236812627365]
