train_acc: [63.275, 74.775, 79.225, 79.2, 83.075, 84.675, 83.75, 85.45, 85.5, 86.375, 87.45, 89.45, 90.4, 91.35, 92.05, 91.825, 93.5, 93.35, 92.15, 93.125, 93.575, 94.375, 94.35, 94.725, 95.25, 94.775, 95.225, 94.75, 94.65, 95.625, 94.625, 95.4, 95.25, 94.9, 95.9, 94.95, 95.9, 95.175, 95.675, 96.0, 95.575, 95.575, 95.55, 95.2, 96.475, 96.2, 96.15, 95.925, 95.825, 96.5]
val_acc: [68.06495263870094, 57.7807848443843, 63.1935047361299, 68.06495263870094, 67.05006765899864, 59.81055480120792, 66.64411366711772, 68.47090662800088, 67.45602164829859, 65.02029769701306, 67.79431664411366, 65.56156968618762, 68.2679296346414, 67.79431664153267, 70.36535858753085, 66.37347766736848, 68.60622462529452, 69.48579161028417, 68.06495263353898, 67.59133964301124, 65.62922868483444, 64.95263869578525, 68.6062246278755, 69.89174560216509, 70.09472259810555, 68.67388362652233, 71.58322056833559, 69.95940460081191, 71.51556156968877, 69.95940460081191, 69.07983761840325, 72.32746955345061, 71.78619756427605, 71.38024356723315, 71.24492556993951, 71.92151556156969, 72.32746955345061, 72.46278755074425, 72.59810554803789, 74.15426251691476, 73.68064952638701, 71.78619756427605, 70.83897158322057, 71.51556156968877, 72.05683355886333, 71.65087956698241, 70.90663058186739, 72.32746955345061, 72.66576454668471, 70.23004059539919]
train_loss: [1.2061447206735612, 1.010625747025013, 0.8962845249772072, 0.9142549977898597, 0.8505548604130745, 0.7962637001872063, 0.7612062582969665, 0.7695244762301445, 0.7230068299174309, 0.7361814647316932, 0.7031602585017681, 0.7222747999727726, 0.6605721872150898, 0.6397977353334426, 0.6670893239080906, 0.6702208067476749, 0.6071262975633145, 0.5617570717930793, 0.6384574179053306, 0.6081856866180897, 0.6166869253516197, 0.571566976249218, 0.5958747837245464, 0.5043942307531833, 0.5961611887514591, 0.5869561992436647, 0.5201367365270853, 0.5136928125619888, 0.5335360583662987, 0.49531478372216226, 0.5279265074580908, 0.5123165555298328, 0.5558521837443113, 0.5308587834388018, 0.5580553761273622, 0.5175880359709263, 0.5145019485801459, 0.5649213591814041, 0.5257365333735943, 0.45416288955509665, 0.5014996134787798, 0.4770373830497265, 0.46585568621754647, 0.4948487401753664, 0.5040072175115347, 0.44600212992727756, 0.43537209409475325, 0.5425124663561582, 0.4480244609862566, 0.48152270114421847]
val_loss: [0.6611038045567008, 0.7394494184863745, 0.6146115376355683, 0.5259581616145832, 0.6033068523919953, 0.6912767090236059, 0.5859606311793901, 0.6104834697767588, 0.6052985329065013, 0.5517509920731771, 0.62577982487835, 0.5859029094445367, 0.6384635593878238, 0.6032954195617661, 0.614392210045106, 0.7111567624407304, 0.7319525228321794, 0.68588915068016, 0.8316056002561553, 0.6388014769925154, 0.8639851745636441, 0.8038404515575169, 0.7435156899291382, 0.8276487161205005, 0.6938213500344221, 0.6286132928987156, 0.7421268973857447, 0.7631718838216891, 0.8347069447071207, 0.8075518800054093, 0.7989088417067418, 0.6564814349754898, 0.7244877249395654, 0.7824205924253986, 0.779949819243164, 0.7522371143117769, 0.7970924041434336, 0.7948980060215732, 0.8419140362066087, 0.6412532249987327, 0.8027899582115416, 0.7730044243259907, 0.7665723281659196, 0.9084887839148025, 0.9128976661122136, 0.8862593334662212, 0.938109143189733, 0.8517392873083505, 0.9733767191122042, 0.8818591195631253]
