train_acc: [58.0, 73.9, 78.0, 84.05, 87.45, 90.4, 90.8, 92.15, 93.35, 94.4, 95.85, 94.05, 96.3, 96.05, 96.4, 96.35, 96.15, 96.8, 96.05, 96.45, 96.2, 97.05, 96.8, 96.9, 96.75, 96.9, 96.95, 97.4, 97.3, 97.2, 97.4, 97.65, 97.35, 97.4, 96.65, 97.9, 97.75, 97.95, 97.3, 97.75, 97.0, 97.5, 97.65, 97.7, 97.8, 97.6, 97.1, 98.05, 97.75, 97.7]
val_acc: [69.75642760487145, 70.70365358592693, 79.70230040595399, 91.33964817320704, 94.79025710419486, 92.08389715832206, 89.30987821380243, 93.70771312584574, 97.42895805142084, 98.84979702300406, 98.6468200270636, 97.90257104194858, 99.12043301759134, 99.18809201623816, 98.10554803788904, 98.37618403247632, 98.91745602165088, 99.25575101488498, 98.78213802435724, 99.12043301759134, 99.25575101488498, 99.05277401894452, 99.59404600811908, 99.39106901217862, 99.25575101488498, 99.05277401894452, 99.39106901217862, 99.25575101488498, 99.25575101488498, 99.3234100135318, 98.84979702300406, 99.3234100135318, 99.05277401894452, 99.3234100135318, 98.9851150202977, 99.39106901217862, 99.39106901217862, 99.3234100135318, 99.52638700947226, 99.52638700947226, 99.25575101488498, 98.17320703653586, 99.25575101488498, 99.12043301759134, 99.25575101488498, 99.3234100135318, 99.12043301759134, 99.39106901217862, 99.05277401894452, 98.9851150202977]
train_loss: [1.4512889497280121, 1.215664967417717, 1.0398585144877435, 0.9820523458719254, 0.9681295967400074, nan, nan, nan, nan, nan, nan, nan, nan, nan, nan, nan, nan, nan, nan, nan, nan, nan, nan, nan, nan, nan, nan, nan, nan, nan, nan, nan, nan, nan, nan, nan, nan, nan, nan, nan, nan, nan, nan, nan, nan, nan, nan, nan, nan, nan]
val_loss: [0.7987613717499863, 0.6184490367427408, 0.47011216196542827, 0.36383192025437566, 0.2865741100862965, 0.29008430761256143, 0.3236381817452801, 0.25729056954867785, 0.19396801016650117, 0.143924040828248, 0.15844648252764315, 0.1732881340892615, 0.1177424017254248, 0.12842862235939229, 0.13503401104930451, 0.13222365297064567, 0.12344928012205557, 0.10047172860863728, 0.12107798373969385, 0.1294831080369762, 0.094633239920028, 0.11254010177110303, 0.09026638494050873, 0.09608010023187075, 0.1092399950258948, 0.1027235998513734, 0.07213215869429228, 0.11354432762153094, 0.098920342513689, 0.08967782460223676, 0.11956721701922654, 0.09900119432899723, 0.09541154445649322, 0.08924324629029337, 0.10114765499941551, 0.08279510617699772, 0.09467577084354523, 0.09911913155037431, 0.08926250016838513, 0.07940266999203072, 0.09877241982578103, 0.10211293379170001, 0.08420294100804322, 0.11290955456813069, 0.08915013920248603, 0.08762866167883428, 0.12431092970627731, 0.09754624691601535, 0.10011650047218364, 0.09853237379891785]
