train_acc: [55.95, 75.7, 81.0, 84.5, 88.7, 89.45, 91.7, 93.4, 93.25, 94.9, 93.6, 94.65, 95.7, 95.75, 95.6, 95.05, 96.2, 95.95, 96.05, 94.95, 96.0, 96.45, 96.9, 96.3, 96.1, 96.75, 97.15, 96.75, 96.85, 97.0, 98.0, 97.0, 97.6, 97.25, 97.6, 97.3, 97.15, 97.75, 97.55, 97.85, 97.15, 96.85, 97.65, 97.55, 97.75, 97.1, 98.05, 97.45, 98.2, 98.05]
val_acc: [71.58322056833559, 72.25981055480379, 84.84438430311232, 88.56562922868741, 83.55886332882274, 86.46820027063599, 83.89715832205684, 93.5723951285521, 93.70771312584574, 98.24086603518268, 98.9851150202977, 98.9851150202977, 98.9851150202977, 98.51150202976996, 99.12043301759134, 98.51150202976996, 99.3234100135318, 98.91745602165088, 98.44384303112314, 99.3234100135318, 99.25575101488498, 99.3234100135318, 99.18809201623816, 99.25575101488498, 99.3234100135318, 99.12043301759134, 99.18809201623816, 99.05277401894452, 99.3234100135318, 99.25575101488498, 99.05277401894452, 99.39106901217862, 98.9851150202977, 99.05277401894452, 99.25575101488498, 99.12043301759134, 99.12043301759134, 99.25575101488498, 99.45872801082544, 99.18809201623816, 99.3234100135318, 99.3234100135318, 99.45872801082544, 99.25575101488498, 99.25575101488498, 99.3234100135318, 99.05277401894452, 99.25575101488498, 99.25575101488498, 99.45872801082544]
train_loss: [1.0900607795715331, 0.815491955935955, 0.6980033514499664, 0.6189748809933663, 0.5495156085193157, 0.5299812983870507, nan, nan, nan, nan, nan, nan, nan, nan, nan, nan, nan, nan, nan, nan, nan, nan, nan, nan, nan, nan, nan, nan, nan, nan, nan, nan, nan, nan, nan, nan, nan, nan, nan, nan, nan, nan, nan, nan, nan, nan, nan, nan, nan, nan]
val_loss: [0.7608519516713887, 0.5294155342975715, 0.3978316584886814, 0.3540122296877901, 0.36749606649107797, 0.3004405185055991, 0.37161377724638167, 0.27461046301060343, 0.2704144218918919, 0.1854122472027158, 0.1318398436105461, 0.1409117875769432, 0.11675640512182199, 0.15613308989509678, 0.12252477176376544, 0.12735118816766752, 0.08530074779917164, 0.108269540832475, 0.16738053234810757, 0.09044728243625212, 0.10481689002299341, 0.0897153860389057, 0.09074447381137511, 0.08519909514242806, 0.10310818540267595, 0.09777759359355546, 0.09678105606681117, 0.08837549189289626, 0.08676442083006622, 0.10077372408082585, 0.10612808289422233, 0.07905979361763181, 0.10187984465625192, 0.09873679272215485, 0.09008036567470379, 0.0981274214050202, 0.10294263638525758, 0.09923410350116567, 0.09406800593308731, 0.08976051645386203, 0.09195566819085965, 0.08302512486164076, 0.08063749730062743, 0.08522927759061485, 0.1055461673698664, 0.09222398322272204, 0.10222981546542964, 0.10002883608391223, 0.08758138748785639, 0.08622895893974782]
