train_acc: [48.5, 72.7, 75.7, 79.95, 82.1, 87.5, 89.45, 90.7, 92.2, 93.25, 94.15, 94.7, 94.25, 95.35, 95.95, 95.45, 95.15, 95.55, 95.4, 96.3, 96.55, 95.5, 96.7, 95.8, 96.1, 95.75, 96.85, 97.85, 96.7, 97.25, 96.6, 96.4, 96.15, 96.75, 96.95, 97.1, 97.15, 97.45, 96.9, 96.1, 97.55, 97.4, 97.05, 96.85, 96.9, 97.8, 97.65, 97.5, 97.2, 97.4]
val_acc: [71.24492557510149, 70.77131258457375, 70.23004059539919, 73.41001353179973, 76.11637347767252, 78.95805142083897, 80.10825439783491, 79.56698240866035, 78.89039242219215, 80.7171853856563, 93.77537212449256, 93.77537212449256, 97.36129905277402, 99.05277401894452, 98.6468200270636, 98.78213802435724, 98.84979702300406, 98.57916102841678, 99.3234100135318, 98.84979702300406, 97.6319350473613, 98.84979702300406, 99.39106901217862, 99.25575101488498, 99.18809201623816, 98.44384303112314, 99.39106901217862, 95.80514208389715, 99.25575101488498, 99.72936400541272, 99.6617050067659, 99.6617050067659, 96.68470906630581, 99.45872801082544, 98.6468200270636, 95.53450608930987, 99.39106901217862, 99.6617050067659, 99.52638700947226, 99.3234100135318, 99.72936400541272, 98.91745602165088, 99.45872801082544, 99.59404600811908, 99.45872801082544, 98.84979702300406, 99.05277401894452, 97.36129905277402, 98.84979702300406, 98.9851150202977]
train_loss: [1.5092225534915924, 1.2451259083747863, 1.149313181042671, 1.0727475171089171, 1.0270524607896805, 0.9557550809383393, 0.9051805756092072, 0.8903332186937332, 0.8585510324239731, 0.8369055160284042, 0.8156227821111679, 0.8127038344144821, 0.7969150195121765, 0.7775229793787003, 0.7607452763319016, 0.767676964044571, 0.7669406340122223, 0.7587193019390106, 0.7594390221834183, 0.724838629603386, 0.7220572333335876, 0.7601014351844788, 0.7239038730859757, 0.7342743444442749, 0.72806667304039, 0.7347694072723389, 0.7224285724163055, 0.6946585060358047, 0.7047742174863816, 0.7094015939235687, 0.7177387602329254, 0.7125809125900269, 0.712859858751297, 0.7041230771541596, 0.7133854385614395, 0.6908802729845047, 0.6961537361145019, 0.6823935912847519, 0.6954609836339951, 0.7120131380558014, 0.6805877523422241, 0.6797209494113922, 0.6911222760677338, 0.6924461212158203, 0.7013788846731186, 0.6786179276704788, 0.6732421352863311, 0.6734005222320557, 0.6867643747329711, 0.6845510476827621]
val_loss: [0.7394682688383998, 0.5943823639449635, 0.6273021013230207, 0.6020508034505121, 0.5430528776410145, 0.48672274505172597, 0.4549251021829929, 0.43293596091346265, 0.5058830167508416, 0.453508244900484, 0.25428281308067346, 0.2609854364044289, 0.18732028777165408, 0.1439562508879237, 0.1646120183079104, 0.12331004459940209, 0.13350079532243886, 0.13371542427835026, 0.10028941977733849, 0.13658142401376822, 0.1483704455408579, 0.137408201180711, 0.10038541998406708, 0.09805757234803072, 0.10605604549383439, 0.11795472976762968, 0.09660458508299233, 0.1562937551728766, 0.08189365236499474, 0.08015681438763023, 0.07908376346119202, 0.08624138447162424, 0.14208746506896813, 0.10101112730407909, 0.1124258310595812, 0.1369068424125405, 0.09702768996458737, 0.08554693860920583, 0.08495876249505638, 0.09332390408332841, 0.08107150838545275, 0.09321962400807096, 0.08229441938768059, 0.08145010486466958, 0.07881545494228642, 0.09459734693955987, 0.09694818817633576, 0.11040212794210817, 0.1029051984326362, 0.09549818122923294]
