train_acc: [61.75, 75.45, 77.1, 81.75, 86.1, 90.6, 91.1, 93.3, 95.65, 95.45, 95.45, 96.7, 96.85, 96.6, 97.5, 96.25, 97.2, 97.6, 97.55, 97.75, 97.7, 97.55, 97.15, 97.5, 97.75, 98.1, 98.3, 98.0, 98.45, 98.45, 97.8, 98.4, 98.2, 99.3, 98.75, 98.45, 98.6, 98.9, 98.65, 98.8, 98.75, 98.75, 98.6, 99.3, 99.0, 98.8, 99.25, 99.25, 99.0, 99.4]
val_acc: [71.17726657645467, 72.32746955345061, 74.35723951285522, 74.89851150202978, 90.59539918809202, 94.79025710419486, 75.3721244925575, 92.82814614343708, 80.17591339648173, 79.36400541271989, 79.16102841677943, 86.67117726657645, 80.24357239512855, 82.34100135317998, 92.5575101488498, 93.16644113667118, 80.51420838971583, 85.04736129905277, 83.89715832205684, 81.32611637347767, 80.92016238159675, 79.70230040595399, 81.0554803788904, 82.61163734776726, 83.15290933694182, 92.76048714479026, 85.25033829499323, 85.18267929634641, 90.79837618403248, 81.32611637347767, 83.96481732070366, 81.86738836265224, 80.92016238159675, 91.5426251691475, 85.31799729364005, 82.54397834912044, 85.25033829499323, 82.81461434370772, 79.70230040595399, 83.35588633288228, 82.27334235453316, 81.59675236806495, 80.51420838971583, 79.29634641407307, 80.04059539918809, 80.85250338294993, 80.85250338294993, 82.94993234100136, 80.78484438430311, 81.12313937753721]
train_loss: [0.9831695961952209, 0.7237855417728424, 0.6512550268173217, 0.5924347534179687, 0.5194455695748329, 0.44125305441021917, 0.4322346121072769, 0.3741721387505531, 0.3306713016331196, 0.32287957254052163, 0.29823398298025133, 0.2922843998968601, 0.2745243510901928, 0.26911658990383147, 0.2484449570477009, 0.2716586506962776, 0.2609048266410828, 0.2309041044265032, 0.23640022027492524, 0.22693892438709737, 0.22748888170719148, 0.23244584073126315, 0.23428601881861685, 0.22541738998889924, 0.2224210442304611, 0.21439465509355068, 0.21149686412513255, 0.21178480945527553, 0.195782800167799, 0.21036727015674114, 0.21375692524015905, 0.20729911608994006, 0.20683833219110967, 0.18507222034037113, 0.19170797568559647, 0.1947529468089342, 0.19373411886394024, 0.19568325085937976, 0.18975906851887703, 0.1912263200134039, 0.18554853628575801, 0.18827885124087335, 0.1898138994127512, 0.17985891909897328, 0.18435127341747284, 0.1860592552870512, 0.16869308680295944, 0.17482545229792595, 0.17378760083019734, 0.16705461326241494]
val_loss: [0.5941871318749388, 0.4904426563334562, 0.4604335639005746, 0.4134282018681824, 0.39095546951938387, 0.29312174206697894, 0.48043104001044906, 0.2796926080918441, 0.3511191972900631, 0.4783737822984004, 0.3703765798062691, 0.2659372639198345, 0.339431677714333, 0.3388878695555888, 0.2588946158986372, 0.2450528916208444, 0.34935869163605454, 0.2805137123272367, 0.3066967044615455, 0.31898496449195324, 0.38472686249243554, 0.38130092460042087, 0.32430694613691435, 0.3079450446179739, 0.3018531056577201, 0.22551120467816702, 0.2631956782439, 0.27391151816197273, 0.21260250629466507, 0.3038596075144124, 0.3005295016617591, 0.3666914648380186, 0.4232130004382908, 0.2136184356562259, 0.311206407976086, 0.357630610851639, 0.27135905519087516, 0.39245979445047563, 0.4804872948479749, 0.38749143748426956, 0.359562091700763, 0.3560899429537447, 0.4256756049662788, 0.4593747601830508, 0.4670404710596445, 0.40753980345409035, 0.4370156852314211, 0.3739987463615986, 0.46177694358244153, 0.45819019248988857]
