train_acc: [57.9, 72.45, 77.5, 79.3, 84.5, 87.25, 89.75, 91.15, 92.35, 93.05, 94.3, 94.4, 94.75, 94.75, 95.0, 96.2, 96.2, 95.8, 96.05, 96.8, 97.2, 96.6, 96.9, 97.2, 97.5, 96.15, 97.5, 97.85, 97.4, 96.85, 98.15, 98.0, 97.75, 98.1, 97.75, 98.3, 97.55, 98.05, 98.15, 97.55, 98.2, 98.5, 98.6, 98.2, 98.0, 98.65, 98.55, 98.2, 99.0, 98.65]
val_acc: [70.63599458728011, 70.90663058186739, 72.39512855209743, 74.35723951285522, 75.16914749661704, 78.68741542625169, 82.94993234100136, 79.56698240866035, 80.31123139377537, 85.79161028416779, 82.0703653585927, 85.58863328822733, 80.31123139377537, 84.91204330175914, 87.95669824086603, 97.15832205683355, 94.31664411366712, 96.54939106901217, 92.8958051420839, 98.3085250338295, 98.84979702300406, 98.9851150202977, 99.3234100135318, 99.25575101488498, 99.12043301759134, 99.18809201623816, 99.3234100135318, 99.25575101488498, 99.3234100135318, 99.25575101488498, 99.12043301759134, 99.45872801082544, 99.39106901217862, 99.05277401894452, 98.78213802435724, 98.78213802435724, 99.45872801082544, 99.12043301759134, 99.3234100135318, 99.3234100135318, 99.25575101488498, 99.3234100135318, 99.05277401894452, 98.9851150202977, 98.71447902571042, 98.9851150202977, 99.12043301759134, 98.6468200270636, 98.91745602165088, 98.37618403247632]
train_loss: [0.9832363111972808, 0.7144657173156739, 0.61262473154068, 0.563467630058527, 0.4889152475297451, 0.45087910199165343, 0.4121981849372387, 0.37398670007288454, 0.3445837834477425, 0.31811286094784735, 0.3001476439237595, 0.294188939973712, 0.280049034550786, 0.2729274749457836, 0.2669027121514082, 0.24228357260674238, 0.23324387354403733, 0.24564813327789306, 0.2293058658912778, 0.21606705599278211, 0.2087487332522869, 0.22219765581935644, 0.21563796509057284, 0.19664574735611678, 0.19053376173228026, 0.21594389977306128, 0.1910438301861286, 0.18473854111507534, 0.1859454980492592, 0.193513436101377, 0.17423382732272147, 0.17320247554033993, 0.17572720235586167, 0.16223953622952103, 0.18146192336827516, 0.1712245914489031, 0.1730896059051156, 0.1694576074182987, 0.16222656002640723, 0.17051215951889753, 0.16486193171143532, 0.15922396950423717, 0.1466277959793806, 0.15696613958850503, 0.16259331065043808, 0.15167304521799088, 0.14776413517817855, 0.15086937054991723, 0.13778428254276515, 0.1418744206316769]
val_loss: [0.8043532240052024, 0.521578612040441, 0.48386253746218866, 0.48760287328566526, 0.44526051756130663, 0.37701472713131867, 0.33823867250077616, 0.36328138196298976, 0.36078800801414596, 0.26871513257733215, 0.2951518184000044, 0.25546050273355836, 0.30353578842460543, 0.25464671298720354, 0.2377950562937979, 0.18687433269535253, 0.21074154051537441, 0.19877397216584267, 0.21025711141718256, 0.15349725928253347, 0.1317769173275634, 0.12059396698929783, 0.10058476976515959, 0.09959141136788548, 0.11646681019837221, 0.08993414547470813, 0.08644283818980837, 0.07372462422321065, 0.07803357829603194, 0.10280461434945364, 0.07525039850879103, 0.08362353230663985, 0.08114224449001727, 0.08698774695759375, 0.09414943493146535, 0.08970027667985718, 0.0882312236593202, 0.08875228203480234, 0.07755010032645743, 0.07925528827273313, 0.07272567527421595, 0.07733361184576852, 0.0857484960406817, 0.07875186637427067, 0.08477832524657895, 0.09280897120419633, 0.08180887386182649, 0.09529361304233458, 0.07760171993498229, 0.0997589355352283]
