train_acc: [59.45, 74.15, 76.55, 78.25, 83.0, 86.9, 87.65, 89.0, 91.05, 94.0, 94.6, 93.9, 94.15, 95.15, 96.6, 96.75, 95.45, 96.15, 96.65, 96.65, 96.65, 97.0, 97.2, 97.15, 97.15, 97.5, 96.9, 98.15, 96.7, 97.85, 97.55, 97.55, 97.5, 97.3, 97.6, 98.45, 98.6, 97.95, 97.9, 98.25, 97.7, 98.15, 98.3, 97.85, 98.45, 98.8, 98.4, 97.9, 98.55, 98.6]
val_acc: [73.41001353179973, 82.47631935047362, 90.93369418132612, 89.851150202977, 93.03112313937754, 93.234100135318, 94.11366711772666, 95.33152909336941, 96.14343707713125, 96.82002706359945, 96.34641407307171, 96.88768606224627, 97.56427604871448, 98.03788903924222, 97.90257104194858, 97.6319350473613, 98.6468200270636, 98.17320703653586, 97.9702300405954, 98.37618403247632, 97.69959404600812, 97.9702300405954, 97.9702300405954, 99.05277401894452, 97.76725304465494, 98.71447902571042, 98.3085250338295, 98.3085250338295, 98.37618403247632, 98.17320703653586, 98.44384303112314, 98.44384303112314, 98.44384303112314, 98.84979702300406, 98.3085250338295, 98.51150202976996, 98.84979702300406, 97.76725304465494, 98.84979702300406, 98.17320703653586, 98.3085250338295, 98.9851150202977, 98.44384303112314, 98.57916102841678, 98.84979702300406, 98.6468200270636, 98.51150202976996, 98.44384303112314, 98.91745602165088, 98.84979702300406]
train_loss: [0.9838660023212433, 0.7519622892737389, 0.6529093171358109, 0.6055815047621727, 0.5561789492368698, 0.5084642732739448, nan, nan, nan, nan, nan, nan, nan, nan, nan, nan, nan, nan, nan, nan, nan, nan, nan, nan, nan, nan, nan, nan, nan, nan, nan, nan, nan, nan, nan, nan, nan, nan, nan, nan, nan, nan, nan, nan, nan, nan, nan, nan, nan, nan]
val_loss: [0.6258369348691184, 0.4629274945459121, 0.4253111166100702, 0.38397555809382333, 0.34014967412603403, 0.2998533418681851, 0.2578266781423347, 0.26493859276961895, 0.21317440449828548, 0.1860629990293628, 0.20130233038645312, 0.24298489710293378, 0.15398553218969796, 0.13000096312153162, 0.16176919186429822, 0.17247146207219208, 0.11282685583051551, 0.12897352731114956, 0.11923374368712125, 0.11963693593932424, 0.14392744280468467, 0.1180882042523408, 0.12621007249747304, 0.10042218171836398, 0.1254923715784198, 0.10514706949903775, 0.11308141825002327, 0.1067623779459961, 0.11009334169923049, 0.12898508670547013, 0.11251955386125187, 0.10345077607906719, 0.10707185971418318, 0.11150053376394937, 0.10724572998160277, 0.10457922942704535, 0.09292353081223284, 0.12058518877875499, 0.08593098622657289, 0.09797812272896625, 0.11447323982242157, 0.08015758927069674, 0.10411592153517255, 0.09381298260090315, 0.0882799171808608, 0.08886689926133427, 0.09761692604733094, 0.10831945243824641, 0.0757411673503735, 0.0895532826226361]
