train_acc: [49.7, 71.8, 75.55, 77.45, 80.75, 80.6, 82.45, 84.2, 85.05, 84.9, 87.9, 89.6, 90.75, 92.95, 93.6, 94.95, 95.1, 95.55, 95.65, 96.3, 96.8, 96.65, 97.1, 96.8, 96.75, 97.2, 97.15, 98.0, 97.9, 97.15, 97.55, 97.8, 97.8, 97.95, 98.35, 97.4, 97.55, 98.15, 98.25, 98.85, 98.1, 98.4, 98.9, 98.7, 98.45, 98.75, 98.05, 98.4, 98.6, 98.4]
val_acc: [34.57374830852503, 81.19079837618403, 83.62652232746956, 74.01894451962112, 71.65087956698241, 82.61163734776726, 77.19891745602165, 76.65764546684709, 89.03924221921515, 88.70094722598105, 88.97158322056833, 86.46820027063599, 77.80784844384303, 78.41677943166441, 84.4384303112314, 75.84573748308524, 82.00270635994588, 78.68741542625169, 86.40054127198917, 77.74018944519621, 79.43166441136671, 82.34100135317998, 78.61975642760487, 79.09336941813261, 80.10825439783491, 81.66441136671178, 78.61975642760487, 78.41677943166441, 79.36400541271989, 78.82273342354533, 79.09336941813261, 77.87550744248985, 78.48443843031123, 78.68741542625169, 78.48443843031123, 78.82273342354533, 77.94316644113667, 78.21380243572395, 78.34912043301759, 78.68741542625169, 78.41677943166441, 78.21380243572395, 78.75507442489851, 77.53721244925575, 78.82273342354533, 78.41677943166441, 78.21380243572395, 77.67253044654939, 77.19891745602165, 77.67253044654939]
train_loss: [1.0659317065477372, 0.8652727134227752, 0.7137767408490181, 0.6526917577981949, 0.5984207518398762, 0.5798842154443264, 0.5398178232908248, 0.5246621814072132, 0.5002781033813953, 0.49704845088720323, 0.46281008210778235, 0.43624254670739177, 0.4184588601589203, 0.3859435598552227, 0.37091218814253807, 0.3529021972417831, 0.3356733365356922, 0.33118457797169687, 0.3269086368083954, 0.30474460077285764, 0.28980105075240137, nan, nan, nan, nan, nan, nan, nan, nan, nan, nan, nan, nan, nan, nan, nan, nan, nan, nan, nan, nan, nan, nan, nan, nan, nan, nan, nan, nan, nan]
val_loss: [1.1224747157387223, 0.7336735356805772, 0.5134897508301819, 0.48553977283637806, 0.4924153914632268, 0.45064282639100844, 0.41188184561079344, 0.4088109044688319, 0.38016453413582624, 0.3465755882399492, 0.35158630187279155, 0.3442619394647091, 0.39829366929395593, 0.4014558156042364, 0.3495707771512749, 0.41197912254860986, 0.37642881437551345, 0.4673159656811793, 0.3455885647920859, 0.5015787106002296, 0.4771716170446476, 0.41395085408819865, 0.45054828932103025, 0.5656516177930109, 0.4132809660250021, 0.37068674884262687, 0.5182100170983835, 0.5779528239381491, 0.500947624666765, 0.4947576454773807, 0.5049106054844811, 0.6313475632639312, 0.4963697851188128, 0.5361756825005491, 0.4972615494658724, 0.5729700704086295, 0.5600070310996011, 0.4831010812593571, 0.4991672910719666, 0.5246354025084127, 0.5421175853083356, 0.5658423191841303, 0.5683163119245608, 0.473463364878067, 0.6087562910133673, 0.5859412588027881, 0.5181421659816263, 0.6034685360502164, 0.5265229770734765, 0.5224132396089208]
