train_acc: [39.8, 65.65, 74.6, 78.3, 78.85, 79.3, 82.05, 82.15, 83.9, 84.55, 84.2, 86.55, 87.85, 89.5, 89.4, 91.65, 92.1, 91.8, 93.55, 93.85, 95.0, 94.7, 94.65, 96.2, 96.1, 96.7, 96.3, 96.05, 96.4, 96.75, 96.95, 96.9, 97.35, 97.6, 97.2, 97.15, 98.05, 97.7, 97.7, 98.35, 97.8, 97.9, 98.1, 97.5, 98.5, 98.7, 98.5, 98.35, 98.3, 98.0]
val_acc: [42.2192151556157, 70.02706359945873, 81.93504736129906, 86.53585926928281, 90.46008119079838, 78.21380243572395, 78.95805142083897, 73.54533152909337, 74.35723951285522, 88.22733423545331, 72.53044654939107, 88.76860622462787, 78.68741542625169, 93.5723951285521, 75.57510148849796, 94.18132611637348, 78.55209742895805, 76.86062246278755, 80.04059539918809, 73.81596752368065, 88.4979702300406, 96.41407307171853, 75.91339648173206, 76.31935047361299, 76.0487144790257, 76.65764546684709, 75.84573748308524, 74.6278755074425, 77.60487144790257, 76.92828146143437, 76.7253044654939, 76.65764546684709, 75.30446549391068, 75.98105548037888, 77.67253044654939, 76.86062246278755, 78.01082543978349, 77.063599458728, 77.19891745602165, 78.07848443843031, 77.53721244925575, 78.28146143437077, 77.87550744248985, 78.14614343707713, 78.01082543978349, 79.36400541271989, 77.67253044654939, 78.48443843031123, 77.67253044654939, 78.01082543978349]
train_loss: [1.0866497390270233, 0.9014505498409271, 0.7532373970746994, 0.6619576246738433, 0.639492482483387, 0.6116790682673454, 0.5762675369977951, 0.5564806987345219, 0.5353193327188491, 0.5241049156188965, 0.5259895115196704, 0.500893967717886, 0.47112046763300897, 0.452903383821249, 0.439802049189806, 0.42182493495941165, 0.41688322061300276, 0.41277845939993857, nan, 0.3768590254485607, 0.36471301010251045, nan, 0.34900744271278383, nan, nan, nan, nan, nan, nan, nan, nan, nan, nan, nan, nan, nan, nan, nan, nan, nan, nan, nan, nan, nan, nan, nan, nan, nan, nan, nan]
val_loss: [1.0365643173012584, 0.7539882066285336, 0.5430415068250225, 0.4714346367346579, 0.4720723754014311, 0.44525862177670084, 0.4433717340916516, 0.43718065797314754, 0.4292644085879255, 0.4110511672028992, 0.45232705199266804, 0.3907445993007278, 0.42682429527074944, 0.330469060210317, 0.40999727904877253, 0.3316140829387634, 0.39473580937020997, 0.3688928708333285, 0.37828612775215437, 0.39667452450372853, 0.35369408485531323, 0.2978462165521511, 0.4248047262349535, 0.44658410883885435, 0.40853485215016727, 0.4239626406050503, 0.4303195327318731, 0.4673584425703437, 0.3871308668580849, 0.4191816888941157, 0.42487834456486373, 0.41570306867764345, 0.4202627356546012, 0.4550173366505335, 0.37880919477492775, 0.43535819366392814, 0.3899518015702458, 0.42291232000870055, 0.459702662105328, 0.37842685520568303, 0.41814192760539154, 0.3868460690902599, 0.4505425906048253, 0.353464412592422, 0.4336694733457733, 0.3451980064762945, 0.4432319094791141, 0.364987163072268, 0.4072931851884186, 0.4372137789192316]
