train_acc: [57.15, 72.75, 75.95, 81.65, 83.1, 87.5, 89.65, 91.65, 94.1, 94.2, 95.45, 95.5, 95.95, 96.8, 96.35, 96.35, 96.5, 96.2, 96.45, 96.55, 97.15, 96.75, 96.95, 96.85, 97.25, 98.1, 97.55, 97.35, 97.8, 97.7, 97.25, 98.05, 97.45, 98.25, 98.15, 98.3, 98.3, 97.6, 98.7, 98.25, 98.25, 97.6, 98.75, 98.1, 98.1, 98.3, 98.75, 98.25, 98.7, 98.65]
val_acc: [72.80108254397835, 72.59810554803789, 77.40189445196211, 79.29634641407307, 80.10825439783491, 81.7320703653586, 86.80649526387009, 86.12990527740189, 83.89715832205684, 89.58051420838972, 82.4086603518268, 81.66441136671178, 82.67929634641408, 79.43166441136671, 89.1745602165088, 83.085250338295, 92.35453315290934, 87.48308525033829, 81.93504736129906, 79.56698240866035, 86.60351826792963, 82.34100135317998, 79.49932341001353, 94.18132611637348, 86.87415426251691, 92.5575101488498, 84.70906630581868, 89.03924221921515, 85.99458728010825, 93.36941813261164, 85.38565629228687, 92.15155615696888, 87.28010825439783, 84.4384303112314, 92.42219215155616, 91.40730717185386, 80.92016238159675, 85.18267929634641, 82.7469553450609, 88.63328822733423, 89.10690121786197, 85.99458728010825, 91.33964817320704, 87.95669824086603, 91.33964817320704, 92.42219215155616, 81.7320703653586, 89.71583220568336, 85.92692828146143, 86.87415426251691]
train_loss: [1.4633472990989684, 1.2336594944000243, 1.1311278122663497, 1.068978086590767, 1.027278823375702, 0.983347595691681, 0.9113273169994355, 0.8906419866085052, 0.8383407756090164, 0.8305517978668213, 0.7993148983716964, 0.798331094622612, 0.7843910602331161, 0.7502424745559693, 0.7576042045354843, 0.754625412106514, 0.7466206259727478, 0.7512685526609421, 0.7307694646120071, 0.7364957746267319, 0.7199316192865371, 0.7314428415298462, 0.7190745737552643, 0.7164419795274735, 0.7075500544309616, 0.7002297874689102, 0.7023959078788757, 0.7076498373746872, 0.6919559988975524, 0.6922813349962235, 0.7033069916963577, 0.680470720410347, 0.685370035290718, 0.6673557077646255, 0.6820885857343674, 0.6784406328201293, 0.6767433714866639, 0.6791410546302795, 0.6582594603300095, 0.668554119348526, 0.6780998139381409, 0.677547891497612, 0.6609943475723267, 0.6767018810510635, 0.6709168519973755, 0.6727334308624268, 0.6546053507328033, 0.660899619936943, 0.6512041246891022, 0.6550863562822342]
val_loss: [0.6881933621205238, 0.5196721176333292, 0.41054877335349343, 0.36733553718891454, 0.39730615720294005, 0.37097211807200003, 0.32948098510140816, 0.2616111711322939, 0.2836930574156112, 0.2190201207088037, 0.315556530922611, 0.29496184051924046, 0.2877785058462733, 0.3464103845201423, 0.20524374780236304, 0.3319143746779155, 0.20735319362038365, 0.22777831156174771, 0.3447221406963585, 0.4094824112487985, 0.2348302315179566, 0.3089261807133324, 0.38617285222561176, 0.18404727788069897, 0.25646505149961, 0.19817966840788218, 0.32126254940226534, 0.24616347978216707, 0.28184150948273634, 0.19942986545769223, 0.30904726786929637, 0.21531848388148095, 0.24407603192938357, 0.33543246689079903, 0.1927109969948722, 0.22286326805172496, 0.43343005734918, 0.3321051600922267, 0.43092768709395834, 0.2706766354502336, 0.26924711819712943, 0.3018172765415318, 0.23219737934304024, 0.2747154651418913, 0.20649186198641226, 0.2005550975486616, 0.46344764171236263, 0.25743814416643085, 0.33655153402960347, 0.29681748832816685]
