train_acc: [60.15, 78.175, 81.975, 86.95, 91.825, 94.275, 93.775, 95.8, 95.95, 97.5, 96.8, 97.125, 97.1, 97.4, 97.35, 97.625, 97.825, 97.7, 97.975, 97.65, 98.225, 98.075, 98.425, 98.225, 98.225, 98.45, 98.15, 98.675, 98.4, 98.225, 98.725, 98.2, 98.425, 98.5, 98.425, 98.775, 98.85, 98.675, 98.475, 98.275, 98.6, 98.675, 98.775, 98.7, 98.75, 98.575, 98.775, 98.85, 98.575, 98.725]
val_acc: [71.17726657645467, 71.51556156710778, 77.13125845479385, 92.69282814614344, 94.9255751014885, 97.09066304786279, 98.44384303112314, 98.37618403247632, 98.84979702300406, 98.91745602165088, 99.25575101488498, 99.12043301759134, 99.45872801082544, 99.25575101488498, 99.59404600811908, 99.3234100135318, 99.45872801082544, 99.3234100135318, 99.45872801082544, 99.52638700947226, 99.45872801082544, 99.6617050067659, 99.3234100135318, 99.45872801082544, 99.59404600811908, 99.52638700947226, 99.18809201623816, 99.39106901217862, 99.39106901217862, 99.45872801082544, 99.52638700947226, 99.3234100135318, 99.05277401894452, 99.39106901217862, 99.05277401894452, 99.25575101488498, 98.9851150202977, 99.12043301759134, 99.12043301759134, 99.25575101488498, 99.18809201623816, 99.39106901217862, 99.18809201623816, 98.84979702300406, 99.18809201623816, 99.25575101488498, 99.3234100135318, 99.39106901217862, 99.25575101488498, 99.05277401894452]
train_loss: [0.9128159515857697, 0.6245527219176292, 0.5438478654026985, 0.46804140919446946, 0.3801150462925434, 0.3206710488051176, 0.3048668961822987, 0.2567946983277798, 0.254646877720952, 0.20315264868736266, 0.22057280561327935, 0.20719252532720567, 0.20460992952436208, 0.18741246172785758, 0.19132411991804837, 0.17757332740724086, 0.1669031043946743, 0.17127889218181372, 0.16552097622305154, 0.1616920763105154, 0.15246418759226799, 0.16124267631024122, 0.14310697766393424, 0.14926885310560464, 0.14886669863015414, 0.14082797852903606, 0.14499195612221957, 0.1312206102758646, 0.1428357597067952, 0.1374130266830325, 0.12764515498280526, 0.1384680752195418, 0.13334598822891713, 0.127868345849216, 0.12776719527691602, 0.12012320075184107, 0.12311271430552005, 0.12382733468711377, 0.1254277381747961, 0.127168889451772, 0.11901073645055293, 0.11424872834607959, 0.11772121549397707, 0.11617582090944052, 0.11414283039048315, 0.11941386457160115, 0.11494609824940562, 0.10798306002467871, 0.1178186266310513, 0.10841546274721622]
val_loss: [0.5595861012784006, 0.4811720367374859, 0.4126099581970091, 0.34517749583446933, 0.2908142469571311, 0.24815981386478925, 0.18242963825898176, 0.15890763849221642, 0.1229036516927092, 0.12434166861403134, 0.11249245668941647, 0.12164237355266437, 0.09274700894971984, 0.11068921773133646, 0.09325472069891606, 0.10337666290054785, 0.09761248682203409, 0.09724740846352262, 0.09943547615017717, 0.08468808922336937, 0.08926023174888871, 0.088685121503186, 0.09841428818597038, 0.09789161887700407, 0.08649049141773191, 0.09084828740366419, 0.09723897580768162, 0.08479968740709419, 0.0827019963821797, 0.08097991957272503, 0.07756095610468249, 0.08302814878412448, 0.08958129967904381, 0.07851808053392197, 0.09158656613066973, 0.08068658682708005, 0.10058498953208227, 0.09032000369406198, 0.08993191072397207, 0.08259157963470129, 0.0907728799967869, 0.08321262548232757, 0.07482464515751527, 0.10187222982009467, 0.088956030672958, 0.08062427026170517, 0.08476080681942151, 0.07553871095946742, 0.08126322085262151, 0.07767015182903397]
