train_acc: [58.0, 73.35, 76.55, 82.15, 85.3, 86.9, 90.55, 93.05, 94.45, 95.25, 96.15, 95.45, 95.3, 96.55, 96.45, 97.15, 97.1, 97.25, 97.2, 97.35, 97.95, 97.95, 97.05, 98.15, 97.7, 98.4, 97.8, 98.1, 98.25, 97.6, 98.6, 98.5, 98.1, 98.9, 98.4, 98.55, 98.2, 98.6, 98.7, 98.75, 98.55, 98.95, 99.15, 98.75, 98.5, 99.1, 99.45, 99.1, 99.05, 98.9]
val_acc: [70.02706359945873, 70.97428958051421, 74.22192151556158, 76.92828146143437, 75.16914749661704, 77.13125845737483, 78.14614343707713, 77.74018944519621, 81.3937753721245, 79.76995940460081, 80.31123139377537, 80.04059539918809, 93.5723951285521, 95.87280108254397, 96.21109607577807, 96.617050067659, 91.81326116373478, 99.18809201623816, 96.88768606224627, 96.2787550744249, 98.03788903924222, 98.51150202976996, 99.18809201623816, 98.78213802435724, 98.9851150202977, 98.44384303112314, 96.9553450608931, 98.84979702300406, 93.30175913396482, 98.57916102841678, 99.18809201623816, 98.91745602165088, 99.12043301759134, 98.9851150202977, 98.51150202976996, 98.91745602165088, 98.37618403247632, 98.37618403247632, 98.84979702300406, 98.71447902571042, 98.03788903924222, 97.69959404600812, 99.25575101488498, 98.91745602165088, 99.25575101488498, 98.84979702300406, 97.9702300405954, 98.10554803788904, 98.10554803788904, 98.37618403247632]
train_loss: [1.0538647425174714, 0.7941047003865243, 0.7069097827076912, nan, nan, nan, nan, nan, nan, nan, nan, nan, nan, nan, nan, nan, nan, nan, nan, nan, nan, nan, nan, nan, nan, nan, nan, nan, nan, nan, nan, nan, nan, nan, nan, nan, nan, nan, nan, nan, nan, nan, nan, nan, nan, nan, nan, nan, nan, nan]
val_loss: [0.7033968107303521, 0.5505210601589838, 0.5120772270735288, 0.519163901553425, 0.5494417437277885, 0.5182253375084862, 0.5036401245566602, 0.5038676031831153, 0.3442791696532008, 0.4090499835787026, 0.3686768825346143, 0.352040658814578, 0.229718622420089, 0.2047670227355741, 0.18109140968572787, 0.1763005484001401, 0.22790854620836745, 0.10137910540032935, 0.16623022049887254, 0.16540467972502979, 0.13040332971531418, 0.1140694145481222, 0.09537058950720685, 0.11234672736573123, 0.09607023014831931, 0.10818402143510333, 0.134035110821461, 0.09891892744276133, 0.18299755592690592, 0.1071922727715582, 0.08897060608549273, 0.10060361725390361, 0.09776280985210035, 0.10249003750323765, 0.09565199510331727, 0.0919809491299244, 0.10028917166998003, 0.10908309073869205, 0.09792834166966691, 0.09532927704095356, 0.11392916834261646, 0.1255012196797439, 0.07392273897731094, 0.08295582586216346, 0.07425778407568215, 0.08668240082622865, 0.11115435792160938, 0.10631783327770813, 0.10333983434291105, 0.10313388032785772]
