train_acc: [62.5, 77.75, 82.7, 88.125, 91.35, 93.7, 94.625, 94.55, 95.275, 95.6, 95.85, 95.85, 97.175, 96.6, 97.575, 96.95, 97.3, 97.475, 97.625, 97.975, 97.575, 97.975, 98.4, 97.725, 98.35, 98.0, 98.25, 98.25, 98.325, 98.325, 98.25, 98.65, 98.575, 98.4, 98.525, 98.55, 98.675, 98.6, 98.725, 98.775, 98.65, 98.525, 99.1, 98.775, 98.475, 98.65, 98.85, 99.0, 99.125, 98.8]
val_acc: [70.83897158322057, 70.90663058186739, 74.35723951027423, 89.17456021134683, 95.33152909336941, 92.01623815709425, 94.2489851150203, 93.43707713125846, 95.53450608930987, 96.68470905598187, 94.85791610284168, 96.82002706359945, 95.0608930884582, 94.85791610284168, 94.0460081087559, 97.02300403889203, 94.11366711772666, 94.38430309166606, 96.54939106901217, 96.00811905918972, 93.91069011146226, 96.07577806816049, 96.2787550744249, 95.39918809201623, 96.9553450402452, 92.28687415426252, 95.12855209742895, 96.82002704295157, 94.51962110960758, 95.26387008439866, 93.64005411687498, 94.9255751014885, 95.87280108254397, 95.12855207678108, 93.70771312584574, 94.79025710419486, 95.66982408660351, 95.66982408660351, 94.51962110960758, 95.53450608930987, 91.67794316644114, 96.21109607577807, 93.77537212449256, 96.21109607577807, 95.06089309878213, 96.48173206004141, 96.41407306139459, 96.68470906630581, 94.85791610284168, 92.62516914749662]
train_loss: [1.02002103805542, 0.727532989025116, 0.636577004313469, 0.5442613408863545, 0.5084080738127231, 0.4465805405378342, 0.3927401976287365, 0.3822105892896652, 0.3717328946143389, 0.36632326871156695, 0.34715559651702643, 0.3507423955500126, 0.32018150366842746, 0.328645011857152, 0.3045528011918068, 0.3134682820290327, 0.30126064525544644, 0.28796819620579484, 0.27761090113967657, 0.2765551747307181, 0.28935506677627565, 0.27440739347040655, 0.26908951891213656, 0.26907178153842687, 0.25564557914435865, 0.26862801634520295, 0.2549659919589758, 0.2526112580299377, 0.2514893590509891, 0.25073285344988105, 0.2508861570581794, 0.24780876956135034, 0.2575098504051566, 0.24789140202105045, 0.24653098385035993, 0.24777623623609543, 0.24067191621661185, 0.24595464119315147, 0.24749100747704506, 0.2310723066776991, 0.23496933082118632, 0.24325399382412433, 0.2182289704978466, 0.22973686945438385, 0.23033984889835118, 0.23094395817816257, 0.23024351549893618, 0.23367230933159588, 0.2300846312791109, 0.22889912396669387]
val_loss: [0.6014330695220679, 0.5120614650123658, 0.4645501066286606, 0.38955615737118804, 0.27781264683551815, 0.29579689933418096, 0.27675310779408285, 0.26708693568454867, 0.23416728198689601, 0.2058672425267822, 0.19891866773407255, 0.17623179390804694, 0.1954946202781752, 0.18899465153681894, 0.201402399310885, 0.1414777088975874, 0.20748108661707101, 0.1951285006632179, 0.16494238469371614, 0.16004503178580365, 0.20676129775094082, 0.1518604470888236, 0.16112981446299082, 0.16854049041564798, 0.13457718588341233, 0.22536180457743, 0.18348464861774316, 0.13088034434150778, 0.19490891170759808, 0.18110824359205321, 0.19750970226985998, 0.17647372397905434, 0.15164983014453892, 0.1659637590282986, 0.20687918951772707, 0.17660278154484152, 0.16033310424007163, 0.16404222249379824, 0.18514536630679854, 0.16370707005262375, 0.243351014182274, 0.13486630232634175, 0.18636398371283838, 0.14043539172701325, 0.1762219904764418, 0.1307563976219607, 0.129968356164689, 0.13940297524887105, 0.17162379258500063, 0.22011692621348192]
