train_acc: [58.4, 75.4, 75.6, 79.45, 83.9, 88.7, 89.95, 91.5, 93.2, 94.2, 94.2, 94.75, 95.4, 95.85, 96.85, 96.65, 96.75, 97.15, 97.55, 97.45, 97.2, 97.5, 97.0, 96.9, 97.25, 97.5, 97.7, 97.5, 97.5, 98.5, 97.85, 97.65, 98.1, 97.85, 97.85, 98.35, 97.8, 98.3, 98.0, 98.2, 98.45, 97.75, 98.5, 98.55, 98.5, 98.2, 98.35, 98.6, 98.3, 98.1]
val_acc: [70.50067658998647, 72.19215155615697, 72.936400541272, 71.98917456021651, 76.79296346414073, 79.49932341001353, 84.4384303112314, 90.59539918809202, 82.88227334235454, 97.76725304465494, 81.59675236806495, 91.94857916102842, 97.42895805142084, 96.54939106901217, 94.85791610284168, 95.12855209742895, 92.76048714479026, 91.13667117726658, 94.45196211096076, 95.19621109607577, 90.5277401894452, 83.69418132611638, 89.30987821380243, 95.94046008119079, 89.44519621109607, 94.18132611637348, 92.35453315290934, 90.93369418132612, 89.1745602165088, 87.68606224627875, 90.12178619756428, 86.46820027063599, 84.30311231393776, 96.54939106901217, 89.91880920162382, 83.28822733423546, 91.94857916102842, 92.2192151556157, 89.44519621109607, 94.04600811907984, 91.13667117726658, 87.28010825439783, 81.12313937753721, 88.36265223274695, 91.47496617050068, 91.2043301759134, 90.25710419485792, 86.94181326116373, 93.77537212449256, 92.01623815967524]
train_loss: [1.8022376613616944, 1.6192800558805465, 1.508869042277336, 1.4677839596271516, 1.460765082538128, nan, nan, nan, nan, nan, nan, nan, nan, nan, nan, nan, nan, nan, nan, nan, nan, nan, nan, nan, nan, nan, nan, nan, nan, nan, nan, nan, nan, nan, nan, nan, nan, nan, nan, nan, nan, nan, nan, nan, nan, nan, nan, nan, nan, nan]
val_loss: [0.657296779110564, 0.4441158193616002, 0.45757346091154305, 0.4989831500027596, 0.4402690704846414, 0.42690304144511204, 0.3204373649355523, 0.26433935070836334, 0.3498578464388041, 0.18673552045439834, 0.3465760569913623, 0.2267568461869179, 0.16922317288503433, 0.17968786930279737, 0.19770540348449483, 0.1968446873551857, 0.22365959717089334, 0.24634901115088567, 0.18171414739990427, 0.18751109898574297, 0.24477308509677287, 0.36991028182702557, 0.2473227659414279, 0.15346028735415054, 0.2754705656566865, 0.18767757732950463, 0.23080959109556692, 0.24219332689845352, 0.26493085537695593, 0.3073360919347474, 0.257650591967393, 0.31984614627246766, 0.37395358975366744, 0.13890647185469834, 0.26903939917078684, 0.3997052070534762, 0.23470093845232254, 0.21765635245264142, 0.2909949298227188, 0.17857005795985662, 0.24903874512111543, 0.34124582241691337, 0.5060125077105504, 0.3080678435901989, 0.24400198895670724, 0.251107269668692, 0.25337788768122743, 0.34870711647992364, 0.18480343126637688, 0.22138002139789648]
