train_acc: [60.95, 79.325, 84.65, 91.0, 93.425, 95.475, 96.25, 96.55, 97.075, 96.9, 97.6, 98.375, 97.425, 98.5, 98.475, 98.3, 98.55, 98.85, 98.775, 98.675, 98.775, 98.575, 99.0, 99.025, 98.85, 98.775, 99.225, 99.2, 99.3, 98.975, 98.875, 99.0, 99.425, 99.45, 99.45, 99.15, 99.35, 99.35, 99.3, 99.45, 99.6, 99.35, 99.625, 99.375, 99.575, 99.425, 99.275, 99.65, 99.625, 99.45]
val_acc: [70.97428958051421, 72.66576454410372, 73.13937753721245, 80.17591339131975, 94.72259808490016, 93.36941811196375, 98.03788901859433, 98.24086601453479, 98.24086603518268, 98.3085250338295, 98.9851150202977, 98.91745602165088, 98.71447902571042, 98.91745602165088, 98.57916102841678, 98.6468200270636, 98.71447902571042, 99.05277401894452, 99.05277401894452, 99.05277401894452, 98.6468200270636, 99.05277401894452, 97.69959404600812, 98.78213802435724, 98.9851150202977, 98.9851150202977, 98.84979702300406, 99.18809201623816, 98.9851150202977, 98.78213802435724, 98.37618403247632, 97.83491204330176, 98.37618403247632, 98.71447902571042, 98.57916102841678, 98.57916102841678, 95.39918807136836, 98.71447902571042, 98.91745602165088, 98.6468200270636, 98.71447902571042, 98.91745602165088, 98.91745602165088, 99.18809201623816, 99.05277401894452, 98.71447902571042, 98.03788903924222, 99.05277401894452, 98.71447902571042, 99.05277401894452]
train_loss: [0.916027451992035, 0.6070338069796563, 0.49206196415424347, 0.40453340467810633, 0.34326157125830653, 0.2897677066922188, 0.24603068587183952, 0.22856491002440452, 0.20993333700299263, 0.20575616391003132, 0.18710086738318205, 0.1663642396107316, 0.17948288536071777, 0.14819909825176, 0.15171236864477397, 0.1467261063680053, 0.14218765264749528, 0.13075407496094704, 0.13278947238624095, 0.12649352126568555, 0.12972073475271464, 0.1329749143049121, 0.1151100081950426, 0.11242350253462792, 0.11754378493130208, 0.12159362085536123, 0.11288462293148041, 0.10826448388770223, 0.10640526644140481, 0.11098039363697171, 0.10854567927122116, 0.10622836827114225, 0.09453027145937085, 0.0989240555241704, 0.08945785174891353, 0.09876530360803008, 0.09803722634166478, 0.09264540252089501, 0.09508332296088338, 0.0875930436141789, 0.08909991939365863, 0.09214601019397378, 0.08643739347532392, 0.08834376636892557, 0.08422202896699309, 0.08869566686823964, 0.08941761708632112, 0.08077798188477754, 0.08359750927612185, 0.087226028367877]
val_loss: [0.6037396878125058, 0.4682103560403171, 0.49779039661681057, 0.38868233376007444, 0.28477207467423726, 0.2599412544412445, 0.2079463484967997, 0.17256456528852046, 0.16267999165838884, 0.14179409526197773, 0.14718342992869055, 0.12627208212715685, 0.1311738295266367, 0.11548920465741655, 0.10522795135863579, 0.10563767045050738, 0.10740813627052695, 0.09807363732217614, 0.09190442446362182, 0.09970631048143797, 0.119622933566167, 0.09682564373872922, 0.10599888340949366, 0.09661301260710731, 0.09225515191505017, 0.09358305765343616, 0.09284365846597778, 0.08169501527881752, 0.08492334513686829, 0.09640989306411821, 0.10819254819611251, 0.1259395406053418, 0.09779569346341777, 0.10015271855102341, 0.09339089645261855, 0.08979016177467145, 0.16242477255438598, 0.09736002337424456, 0.086508428685478, 0.08949931660548599, 0.08616383555212911, 0.0847327458761703, 0.08520379615128444, 0.0781470886929432, 0.08128926915107787, 0.08934129804816394, 0.10544042178355309, 0.07873064732237017, 0.08701910951624704, 0.08022175560905744]
