train_acc: [52.15, 73.6, 74.8, 80.0, 83.5, 88.95, 90.25, 90.7, 92.65, 94.9, 93.7, 95.75, 95.25, 96.05, 96.65, 96.3, 96.15, 97.0, 97.25, 96.85, 96.6, 98.15, 97.05, 97.55, 97.75, 97.45, 97.2, 97.65, 97.8, 98.35, 97.6, 97.3, 98.15, 97.7, 98.6, 98.45, 97.5, 98.35, 98.25, 97.9, 98.2, 98.85, 98.3, 98.75, 99.0, 98.55, 98.8, 98.45, 99.05, 99.1]
val_acc: [70.36535859269283, 70.70365358592693, 71.24492557510149, 73.47767253044655, 74.89851150202978, 75.64276048714478, 76.11637347767252, 79.36400541271989, 77.94316644113667, 85.58863328822733, 79.63464140730717, 96.48173207036535, 95.80514208389715, 97.90257104194858, 97.9702300405954, 97.90257104194858, 96.9553450608931, 97.90257104194858, 98.84979702300406, 97.49661705006766, 98.57916102841678, 98.24086603518268, 98.3085250338295, 98.24086603518268, 98.71447902571042, 91.06901217861976, 98.51150202976996, 98.51150202976996, 97.02300405953991, 97.83491204330176, 97.02300405953991, 95.33152909336941, 98.37618403247632, 97.69959404600812, 97.83491204330176, 98.37618403247632, 97.56427604871448, 98.17320703653586, 98.03788903924222, 96.88768606224627, 97.49661705006766, 97.69959404600812, 98.44384303112314, 98.03788903924222, 96.54939106901217, 92.08389715832206, 98.03788903924222, 96.21109607577807, 98.17320703653586, 98.24086603518268]
train_loss: [3.0282455587387087, 2.78162349319458, 2.657321689128876, 2.5534289531707763, 2.5104621524810793, 2.4286101217269898, 2.3941440258026123, 2.3739189772605895, 2.3432863178253176, 2.294644310951233, 2.2981050539016725, 2.2782505416870116, 2.2695386972427367, 2.2574282565116883, 2.2405113015174867, 2.240039538383484, 2.2382732696533205, 2.2136966404914857, 2.218152261257172, 2.212149790763855, 2.214039484500885, 2.191464752674103, 2.2009927282333375, 2.1903962187767028, 2.1878713297843935, 2.1876479020118715, 2.2100440983772276, 2.1890101866722107, 2.1836113729476927, 2.1801218333244323, 2.173388868331909, 2.1852823033332824, 2.162464336872101, 2.1664946160316467, 2.159483839035034, 2.152431417942047, 2.175755253791809, 2.156053563594818, 2.1615585174560548, 2.172855806350708, 2.166529170513153, 2.1431606049537657, 2.1536326160430908, 2.1477308611869814, 2.1368682007789612, 2.1512458028793335, 2.1468867101669313, 2.1478487195968627, 2.1451210207939146, 2.1326802144050596]
val_loss: [0.8943010483123615, 0.6064044611783086, 0.522304199867868, 0.5323580888998525, 0.5036511441770846, 0.4994684032924443, 0.5572529062326287, 0.42010473263360487, 0.4735663321287609, 0.3071533225386004, 0.37492758987398367, 0.25015531421836884, 0.2431418339801254, 0.19898595984556355, 0.22405846229425463, 0.17866820835978478, 0.21186160129849094, 0.18939824457783178, 0.13894210460423131, 0.1787856808877443, 0.1529253254844952, 0.1575534912040495, 0.15296589537789598, 0.1402349885406933, 0.14830760704164414, 0.25746213590300293, 0.14423507752454007, 0.1423637669972057, 0.1802819231991355, 0.15344040185535712, 0.1758996062131954, 0.20204189618361335, 0.13420784266738672, 0.15670890189677034, 0.15875343443052048, 0.12523643181474026, 0.1525915310956306, 0.14292987753638395, 0.12664802113348803, 0.16263084388835827, 0.15460107386797786, 0.14147829000758705, 0.12209828037652659, 0.1274216302112249, 0.14890815071630542, 0.26812379697592315, 0.13596082794327535, 0.16332926417679522, 0.1300321754688178, 0.11069563244934495]
