train_acc: [61.025, 77.225, 82.875, 91.725, 93.575, 94.925, 95.9, 96.75, 96.35, 96.95, 97.1, 97.8, 97.35, 97.325, 98.025, 97.6, 98.1, 97.55, 98.4, 98.3, 98.175, 98.35, 98.25, 98.425, 98.25, 98.425, 98.55, 98.7, 98.125, 98.275, 98.675, 98.525, 98.8, 98.775, 99.05, 98.85, 98.85, 98.875, 98.975, 98.725, 99.0, 98.975, 99.3, 98.9, 98.9, 99.15, 98.825, 98.825, 99.025, 99.275]
val_acc: [70.97428958051421, 69.2828146143437, 75.3721244925575, 78.28146143437077, 79.56698240866035, 89.24221920483167, 82.4086603518268, 90.05412717826957, 89.91880918097593, 94.79025708354698, 96.75236806495263, 93.64005410655103, 94.31664409301924, 87.21244923510312, 92.21921513496781, 85.7916102635199, 92.69282812549555, 87.28010823374994, 97.02300405953991, 97.90257104194858, 96.82002704295157, 96.41407307171853, 94.38430309166606, 94.85791610284168, 97.36129905277402, 95.06089307813426, 97.15832203618567, 95.80514206324926, 95.73748306460244, 96.07577807848443, 96.14343707713125, 96.88768606224627, 94.8579160821938, 96.07577805783654, 95.53450608930987, 92.48985112955509, 96.21109605513018, 96.2787550744249, 93.77537210384467, 95.87280106189608, 96.68470906630581, 94.04600809843195, 96.75236804430475, 96.21109607577807, 96.07577807848443, 96.75236804430475, 93.30175911331693, 95.73748306460244, 95.12855207678108, 94.58728008760652]
train_loss: [0.9918308451175689, 0.7049241517186164, 0.5790393549799919, 0.44722252525389194, 0.3771063941121101, 0.3511287823021412, 0.3139983685314655, 0.299986732006073, 0.2814059578999877, 0.27265229014307263, 0.26103882198780776, 0.24494464726001025, 0.24126179402321576, 0.24488021429628135, 0.2176548086181283, 0.22624870417267084, 0.2202982260324061, 0.2222949120812118, 0.204846061617136, 0.20379795784130691, 0.20754790414497257, 0.20263076584041118, 0.19919168791919947, 0.19598482147976756, 0.19565472036600112, 0.18448461716622114, 0.18936482152342796, 0.1866965110562742, 0.19564638670161366, 0.19549388978257776, 0.17447465352714062, 0.17581428945809602, 0.17091251481696965, 0.17699253632873296, 0.17193112641945482, 0.17125279072672128, 0.1680521426089108, 0.16396856116876007, 0.16270352683961392, 0.1756455986574292, 0.16802145786583422, 0.1623707603998482, 0.14816834699362516, 0.16207682547718286, 0.1640027322731912, 0.15602327039092778, 0.15468359573557972, 0.16907080589607357, 0.16072164276614787, 0.1527572067938745]
val_loss: [0.728195453528945, 0.610733382192129, 0.5176436590164376, 0.496638050985917, 0.42910016954187125, 0.31966984751905253, 0.34977705940019455, 0.29842978752191723, 0.2805115070209129, 0.23149574095325315, 0.1935933235332027, 0.24149911249805045, 0.23105930378698367, 0.31143891664173995, 0.2198377297094775, 0.3142039981621528, 0.2326029195917798, 0.30940989254695317, 0.16729303082408375, 0.11496605494227236, 0.16189814757187732, 0.16745033684780214, 0.21265907986883542, 0.1867666794176192, 0.13663750458433116, 0.16913727324087985, 0.13740303578089635, 0.17843938818521526, 0.1638157656554924, 0.16544756186427864, 0.1576640363858259, 0.15360009622872278, 0.19107340437552925, 0.15598782417093465, 0.1709545852971819, 0.25276321569944105, 0.18017483281831134, 0.1569035502203585, 0.22615945770711474, 0.15204514393706445, 0.14565847515656596, 0.1871154014127019, 0.14860282589319757, 0.15546476786530228, 0.14655340913587397, 0.14371890298447526, 0.18337866321145602, 0.1675734840666167, 0.16312306832033177, 0.18828127576549902]
