train_acc: [57.3, 74.4, 80.9, 87.15, 88.35, 91.1, 92.8, 92.95, 93.1, 95.25, 95.05, 95.5, 95.35, 95.2, 96.35, 96.65, 95.45, 97.4, 96.9, 97.1, 96.75, 97.2, 97.1, 96.8, 97.75, 96.7, 96.45, 97.35, 97.0, 97.4, 97.8, 97.25, 97.6, 97.75, 98.15, 97.5, 97.55, 98.2, 97.75, 97.55, 97.65, 97.9, 97.75, 98.3, 97.85, 97.65, 98.05, 98.25, 97.3, 98.35]
val_acc: [71.04194857916103, 71.44790257104195, 75.0338294993234, 74.56021650879568, 75.91339648173206, 77.26657645466847, 78.82273342354533, 78.68741542625169, 85.38565629228687, 88.97158322056833, 85.25033829499323, 88.29499323410013, 96.82002706359945, 98.78213802435724, 98.51150202976996, 98.51150202976996, 98.57916102841678, 98.91745602165088, 98.9851150202977, 98.71447902571042, 98.9851150202977, 98.44384303112314, 98.91745602165088, 98.78213802435724, 99.05277401894452, 99.12043301759134, 98.84979702300406, 98.91745602165088, 98.9851150202977, 98.84979702300406, 98.91745602165088, 98.9851150202977, 98.84979702300406, 98.51150202976996, 98.51150202976996, 98.6468200270636, 99.05277401894452, 99.12043301759134, 99.12043301759134, 99.05277401894452, 98.6468200270636, 98.91745602165088, 98.91745602165088, 98.78213802435724, 98.91745602165088, 98.91745602165088, 98.9851150202977, 98.9851150202977, 98.9851150202977, 98.9851150202977]
train_loss: [1.4793602752685546, 1.2087916798591614, 1.0959635931253433, 0.9944977412223815, 0.9503619601726532, 0.8909252824783325, 0.8515555183887482, 0.8543456585407257, 0.8364619510173797, 0.7922660734653473, 0.787068890929222, 0.777965247631073, 0.7699660081863403, 0.7648007197380066, 0.7517995141744613, 0.7308690207004547, 0.7427897818088531, 0.7084352592229843, 0.718434613108635, 0.7099166173934937, 0.7118211785554885, 0.703573625445366, 0.7010995539426803, 0.7024970836639405, 0.684101928114891, 0.705284884929657, 0.7100790623426437, 0.6906512050628663, 0.6869809492826462, 0.6909934715032577, 0.6748708930015564, 0.6811946228742599, 0.6778192455768586, 0.6673922510147094, 0.6643729456663132, 0.6716931654214859, 0.6749300857782364, 0.6578191131353378, 0.6764421681165695, 0.6663933786153793, 0.6626730823516845, 0.6587354481220246, 0.6713702887296676, 0.6447097214460373, 0.6538151613473893, 0.6673811070919037, 0.6608387761116028, 0.655024227142334, 0.6770976608991623, 0.6500563199520111]
val_loss: [0.7595160290578705, 0.5008073415259385, 0.464679465040625, 0.5156647005648993, 0.4870370788164487, 0.43931190037396667, 0.3778526322041539, 0.43435281283236, 0.3054317240382725, 0.2484839835351633, 0.2804802032805102, 0.23892016202735641, 0.17964691281600959, 0.11901029718583589, 0.11270638154025651, 0.12609875926064865, 0.10361187224539756, 0.10919069316293616, 0.09199539422787252, 0.10489308003321068, 0.0946340980424126, 0.11672051910043811, 0.08741670695205342, 0.10505331966002675, 0.08971355362456288, 0.08497875865362332, 0.11474865209185223, 0.09228477817084212, 0.08215556295238263, 0.1059437451911876, 0.09570469776816233, 0.08362185775084328, 0.07547694241000448, 0.11448601017301557, 0.10076480655249143, 0.08497807684988389, 0.09884630497519799, 0.08291409050740796, 0.08119887862662017, 0.09062169265400251, 0.10234480907230642, 0.0808444724888295, 0.07978892046076035, 0.10006902632032583, 0.09275035029819112, 0.08182684294829026, 0.08729056841586698, 0.07531055014111676, 0.08562875601572661, 0.08795430708842929]
