train_acc: [50.85, 73.65, 78.45, 78.75, 80.45, 81.3, 81.8, 83.1, 81.95, 84.85, 85.55, 85.6, 85.5, 87.45, 87.65, 88.35, 90.05, 89.7, 90.85, 89.8, 90.7, 92.05, 93.05, 92.7, 93.35, 94.55, 93.25, 93.95, 94.5, 95.6, 94.75, 95.7, 96.35, 95.35, 96.35, 96.0, 96.15, 96.75, 96.8, 97.15, 97.5, 97.75, 97.2, 97.85, 98.35, 97.6, 98.6, 97.3, 97.4, 98.1]
val_acc: [63.46414073071718, 72.80108254397835, 86.33288227334235, 90.73071718538566, 91.06901217861976, 91.00135317997294, 90.8660351826793, 91.8809201623816, 91.2043301759134, 79.02571041948579, 82.20568335588634, 87.88903924221921, 78.21380243572395, 77.26657645466847, 73.9512855209743, 76.18403247631935, 74.49255751014886, 75.7104194857916, 76.25169147496617, 76.65764546684709, 76.3870094722598, 77.13125845737483, 76.0487144790257, 83.15290933694182, 74.08660351826794, 75.98105548037888, 74.89851150202978, 76.52232746955345, 75.91339648173206, 79.02571041948579, 78.07848443843031, 75.77807848443842, 76.79296346414073, 75.84573748308524, 77.60487144790257, 77.67253044654939, 77.33423545331529, 78.21380243572395, 78.01082543978349, 78.01082543978349, 78.21380243572395, 82.00270635994588, 78.61975642760487, 78.28146143437077, 77.87550744248985, 77.74018944519621, 78.61975642760487, 77.74018944519621, 93.5723951285521, 77.46955345060893]
train_loss: [1.0471082972288133, 0.8327692772150039, 0.7187075505256653, 0.6622018114924431, 0.6335077093243598, 0.607419189631939, 0.5768395316004753, 0.5605617336928844, 0.553280242741108, 0.5257797614336014, 0.5099143474698067, 0.5179333061277867, 0.5034179441034794, 0.480288730353117, 0.4745461111664772, 0.47009234902262687, 0.4492957024872303, 0.4525837581455708, 0.42359058329463006, 0.4331353807449341, 0.41611691868305206, 0.40806727784872054, nan, 0.39711531028151514, 0.381254198551178, 0.36805085456371306, nan, nan, nan, nan, nan, nan, nan, nan, nan, nan, nan, nan, nan, nan, nan, nan, nan, nan, nan, nan, nan, nan, nan, nan]
val_loss: [0.9346725497097382, 0.6664900574051802, 0.561049735796145, 0.5002899156210387, 0.43692452441371665, 0.4321554410844759, 0.41250326904860174, 0.37620596920363153, 0.4091805467666889, 0.41727450802539134, 0.407662644962174, 0.38336976326205574, 0.4220256842521595, 0.410711160209408, 0.4252018424630649, 0.39697690320192397, 0.43712691182373986, 0.4525350512122592, 0.4258419967109037, 0.4382823640946929, 0.4662314584637527, 0.40186030158573943, 0.41516593280116015, 0.3752031000242827, 0.4706029222524537, 0.4544879037367636, 0.47681308190901645, 0.41754915663047476, 0.4013460258548734, 0.3967214299514587, 0.4210117738467108, 0.5079323414597201, 0.4579117115541627, 0.5545399880316486, 0.5202590676581585, 0.4115030951848372, 0.39002037189487515, 0.49675566272580735, 0.5058849441827715, 0.46621063262909773, 0.4418458553265493, 0.3524505894363975, 0.5397401662576182, 0.45833379979949845, 0.42413521890751565, 0.437579582968326, 0.3957215650397805, 0.4498904757352901, 0.29473716885617685, 0.4792576751423463]
