train_acc: [60.3, 72.55, 76.4, 79.85, 84.85, 89.05, 89.2, 93.1, 93.55, 96.15, 94.55, 95.1, 95.85, 95.95, 96.35, 96.7, 97.15, 96.85, 97.3, 97.5, 96.8, 97.25, 97.25, 97.6, 97.6, 97.55, 96.8, 96.9, 97.65, 97.55, 97.9, 97.45, 98.3, 97.8, 97.5, 97.5, 97.9, 97.3, 97.85, 98.25, 98.15, 98.35, 98.15, 98.2, 98.0, 98.15, 97.9, 97.85, 98.0, 97.5]
val_acc: [70.97428958051421, 70.90663058186739, 74.01894451962112, 76.45466847090663, 79.36400541271989, 76.92828146143437, 77.67253044654939, 79.83761840324763, 81.66441136671178, 88.43031123139377, 87.21244925575101, 96.21109607577807, 99.12043301759134, 99.18809201623816, 99.25575101488498, 98.03788903924222, 99.18809201623816, 99.12043301759134, 99.18809201623816, 99.05277401894452, 99.12043301759134, 98.91745602165088, 99.25575101488498, 99.25575101488498, 98.9851150202977, 98.9851150202977, 98.91745602165088, 99.18809201623816, 97.36129905277402, 99.12043301759134, 99.12043301759134, 99.12043301759134, 99.12043301759134, 98.78213802435724, 98.91745602165088, 98.9851150202977, 99.12043301759134, 98.91745602165088, 99.25575101488498, 99.05277401894452, 99.05277401894452, 99.05277401894452, 99.25575101488498, 99.12043301759134, 99.39106901217862, 98.6468200270636, 99.3234100135318, 99.18809201623816, 98.84979702300406, 99.39106901217862]
train_loss: [2.0297509632110597, 1.6585314649939538, 1.545447371840477, 1.4567475787401198, 1.5001165382266044, nan, nan, nan, nan, nan, nan, nan, nan, nan, nan, nan, nan, nan, nan, nan, nan, nan, nan, nan, nan, nan, nan, nan, nan, nan, nan, nan, nan, nan, nan, nan, nan, nan, nan, nan, nan, nan, nan, nan, nan, nan, nan, nan, nan, nan]
val_loss: [0.7646772171066966, 0.5352699085969241, 0.4750033928754365, 0.5155646116630311, 0.381042223600154, 0.4201770529090471, 0.49673734627492694, 0.35469006375990636, 0.34964732932625026, 0.23544658150357547, 0.2614285433123012, 0.2059293977704519, 0.1448926397262794, 0.11810329004981038, 0.10409374528026387, 0.1699717838584328, 0.10598680611916582, 0.09254482692972088, 0.08923099426923166, 0.11331228943130806, 0.09844991597012996, 0.11248398892813348, 0.08721655610248104, 0.07649897243600737, 0.09474592522815051, 0.09761431736112931, 0.10018527831917526, 0.09435707866056685, 0.1491202960378101, 0.09032658520828887, 0.08271027461238739, 0.09352681784813717, 0.07543763145804405, 0.10703083881868884, 0.0973214452861933, 0.0792102838169496, 0.08428051076698367, 0.08674014251331354, 0.06978672165650476, 0.07707561684094359, 0.08363826489718744, 0.08046601889642392, 0.0637347433610198, 0.07436783946496063, 0.05894721725373371, 0.09364804051846709, 0.0778342688982961, 0.08405680756849591, 0.0922396310147639, 0.07696669209491416]
