train_acc: [58.2, 74.65, 76.85, 76.1, 79.35, 81.65, 81.5, 83.25, 82.9, 84.25, 86.3, 86.1, 87.85, 88.75, 90.05, 90.95, 91.8, 93.4, 94.75, 94.4, 95.2, 95.75, 96.25, 96.05, 97.2, 96.95, 97.05, 96.95, 98.1, 97.45, 97.65, 97.4, 98.3, 97.65, 98.2, 98.05, 98.25, 98.85, 98.35, 98.1, 99.2, 98.55, 98.7, 98.4, 99.2, 98.55, 98.6, 98.85, 99.0, 99.15]
val_acc: [69.2828146143437, 73.07171853856563, 88.15967523680649, 90.79837618403248, 91.61028416779432, 91.8809201623816, 92.42219215155616, 92.35453315290934, 93.09878213802436, 93.03112313937754, 93.70771312584574, 91.81326116373478, 87.14479025710419, 81.52909336941813, 84.30311231393776, 83.82949932341002, 84.1001353179973, 90.66305818673884, 94.9255751014885, 83.4235453315291, 89.851150202977, 76.31935047361299, 78.21380243572395, 79.16102841677943, 81.52909336941813, 88.15967523680649, 77.53721244925575, 77.67253044654939, 78.61975642760487, 90.5277401894452, 88.22733423545331, 78.55209742895805, 78.48443843031123, 79.09336941813261, 78.68741542625169, 78.48443843031123, 78.61975642760487, 78.75507442489851, 79.29634641407307, 80.92016238159675, 78.68741542625169, 79.02571041948579, 78.28146143437077, 79.09336941813261, 96.54939106901217, 78.95805142083897, 78.89039242219215, 89.78349120433018, 78.95805142083897, 79.43166441136671]
train_loss: [1.0444620333909989, 0.8001168207526207, 0.6882601390480996, 0.6705915421843529, 0.6111863759160042, 0.5724173440933228, 0.570602775990963, 0.5580441834330558, 0.5304464220106602, 0.5190744953453541, 0.4955921094417572, 0.49049943494796755, 0.4815574365854263, 0.4603019594848156, 0.44502124002575877, 0.4336153860390186, 0.4205186848342419, 0.39373851361870765, 0.37978063321113587, 0.3839060660600662, 0.36362849235534667, 0.3493595660328865, 0.348111385166645, 0.34227484703063965, 0.3266974756717682, 0.3149534332752228, 0.3089506504237652, 0.3190227169692516, 0.2934256105422974, 0.30313294154405596, 0.2918087782561779, 0.28837305372953415, 0.28159079046547414, 0.276344693928957, 0.27943524508178236, 0.26889789699018, 0.2715989724099636, 0.2626470327079296, 0.25758798299729824, 0.25963379186391833, 0.2419738907068968, 0.24650551189482212, 0.24374523091316222, 0.2541547307819128, 0.23565281528234483, 0.24390796902775763, 0.22857958926260472, 0.23918422082066537, 0.23533994832634925, 0.23294927611947058]
val_loss: [0.9349351907615249, 0.5834090978673411, 0.4680585402072847, 0.42809831932771836, 0.36130160345356904, 0.34990738281861694, 0.37904558704815633, 0.3171416579245392, 0.30878507313652515, 0.3090779637673388, 0.2592359294809895, 0.3086293729498519, 0.33208556075017087, 0.3718082765583579, 0.33886670076234093, 0.34595852781777775, 0.3147849313340103, 0.28575347075604296, 0.25325811968886963, 0.3229073265489287, 0.27669436330321034, 0.39859388575099, 0.36764479846931764, 0.3652435057117265, 0.3092973424734218, 0.28436502400931873, 0.44188972496010454, 0.37288742870374686, 0.4179322945712706, 0.26944582190500704, 0.2660813490294313, 0.4120972752873565, 0.36015544694637897, 0.3717579422707648, 0.46791869760850124, 0.4308122506463479, 0.3766703514309149, 0.36326551199443285, 0.369787622217961, 0.33421594514454817, 0.3798159122446877, 0.3790216886807682, 0.46404623241240667, 0.45513350627459437, 0.21108962926151625, 0.4116686635999783, 0.35255867283645115, 0.2767833549937634, 0.4408156516204345, 0.3880474869368525]
