train_acc: [53.0, 73.45, 75.55, 76.15, 77.95, 77.3, 80.25, 80.3, 82.2, 82.85, 84.3, 85.9, 87.3, 87.2, 89.3, 89.65, 92.15, 92.1, 93.1, 93.1, 93.9, 94.9, 94.65, 95.75, 95.3, 95.25, 96.2, 96.15, 96.6, 96.35, 96.3, 96.3, 96.95, 96.55, 96.55, 97.05, 96.85, 97.25, 97.3, 97.2, 97.05, 97.15, 97.55, 97.7, 97.0, 97.55, 96.7, 98.1, 97.95, 98.15]
val_acc: [69.68876860622463, 71.24492557510149, 70.50067658998647, 71.78619756427605, 87.55074424898511, 91.27198917456022, 82.7469553450609, 74.22192151556158, 92.42219215155616, 90.59539918809202, 91.40730717185386, 93.70771312584574, 87.07713125845737, 90.79837618403248, 94.18132611637348, 85.79161028416779, 90.46008119079838, 91.2043301759134, 88.90392422192151, 91.13667117726658, 87.41542625169147, 75.84573748308524, 93.43707713125846, 83.22056833558864, 93.5723951285521, 93.5723951285521, 93.50473612990528, 94.5872801082544, 91.81326116373478, 94.18132611637348, 93.84303112313938, 93.9106901217862, 92.8958051420839, 94.72259810554804, 95.33152909336941, 96.2787550744249, 96.07577807848443, 97.15832205683355, 96.54939106901217, 94.79025710419486, 96.00811907983761, 95.60216508795669, 95.26387009472259, 92.82814614343708, 96.07577807848443, 94.31664411366712, 94.51962110960758, 96.68470906630581, 95.94046008119079, 96.2787550744249]
train_loss: [2.0242576310634615, 1.8160029480457305, 1.7270793998241425, 1.6670926826000214, 1.6389795541763306, 1.6292765078544618, 1.5773705143928527, 1.5678639080524444, 1.5496100382804872, 1.5366258912086488, 1.5197567660808564, 1.4978598425388336, 1.4793008587360381, 1.4722442362308503, 1.4387893235683442, 1.444603354692459, 1.4003164401054382, 1.4027498145103454, 1.373658570766449, 1.373089107990265, 1.3625850238800048, 1.336759642601013, 1.336274879693985, 1.3251624453067778, 1.314349853515625, 1.3151938791275024, 1.3028481802940368, 1.3059057388305664, 1.2770912325382233, 1.2833603539466858, 1.2810825407505035, 1.2871271996498108, 1.2770803349018096, 1.269069991350174, 1.2703629281520843, 1.2581857120990754, 1.2647728672027587, 1.251886658191681, 1.2514009809494018, 1.2405255079269408, 1.247562683582306, 1.2470309267044066, 1.2323076193332672, 1.2373902311325073, 1.244580569267273, 1.2303403124809265, 1.246814924478531, 1.222441507577896, 1.2228858633041382, 1.227459924221039]
val_loss: [0.8979313054168659, 0.6520284682471955, 0.602088341411299, 0.5433063657906446, 0.5562464470631053, 0.4498427594950138, 0.513458185170113, 0.46745263622804006, 0.4071456795414665, 0.4111696285106171, 0.37753833864635317, 0.34774344175529737, 0.3878664355195746, 0.3388776930404451, 0.312265320362193, 0.3668328790001682, 0.34730511143581794, 0.31119659582357123, 0.34498753450074926, 0.3026417334222503, 0.34090977740828177, 0.4727702709431577, 0.27938843499339805, 0.3934373972440927, 0.2880679746240337, 0.2499660174885364, 0.2443951170221072, 0.24617953745696156, 0.29284849857687145, 0.25987822002906436, 0.2472137571470018, 0.2427356948670257, 0.26229299110875887, 0.23053633573897314, 0.23729809234485896, 0.212553491450453, 0.1959527415577549, 0.21760177807895031, 0.1940427184790494, 0.21607848994827078, 0.1900000143115672, 0.19338474014373205, 0.20877553960144601, 0.2678823717976939, 0.19442274513199462, 0.23532942483889718, 0.22804738344254125, 0.1749339710028794, 0.19963696611105025, 0.20833828112712893]
