train_acc: [54.95, 72.9, 75.7, 80.55, 85.45, 88.5, 91.35, 91.85, 93.65, 95.2, 94.5, 95.6, 96.15, 96.25, 97.05, 96.7, 97.2, 97.6, 97.05, 97.75, 97.45, 97.95, 97.65, 98.5, 98.0, 98.05, 98.25, 97.7, 98.75, 98.05, 98.65, 98.05, 98.9, 98.25, 98.0, 98.75, 98.7, 98.9, 98.95, 98.45, 98.55, 98.75, 99.15, 98.8, 99.0, 99.1, 99.05, 98.95, 98.95, 99.15]
val_acc: [71.44790257104195, 70.97428958051421, 71.71853856562923, 74.6278755074425, 77.53721244925575, 79.36400541271989, 78.82273342354533, 79.49932341001353, 78.75507442489851, 81.3937753721245, 83.62652232746956, 81.59675236806495, 93.64005412719892, 91.13667117726658, 94.79025710419486, 93.43707713125846, 96.88768606224627, 95.26387009472259, 96.9553450608931, 96.68470906630581, 98.9851150202977, 98.24086603518268, 98.78213802435724, 98.91745602165088, 96.48173207036535, 99.3234100135318, 99.52638700947226, 99.39106901217862, 99.52638700947226, 98.78213802435724, 99.45872801082544, 99.39106901217862, 99.18809201623816, 98.6468200270636, 99.05277401894452, 99.3234100135318, 99.3234100135318, 97.69959404600812, 99.39106901217862, 99.05277401894452, 99.45872801082544, 99.39106901217862, 98.44384303112314, 98.9851150202977, 98.91745602165088, 99.25575101488498, 99.45872801082544, 99.59404600811908, 99.45872801082544, 99.05277401894452]
train_loss: [0.9794601452350616, 0.7391768221855164, 0.6298826711177826, 0.5419530072808265, 0.473288669615984, 0.42522342686355113, 0.3640454502552748, 0.36071221001446246, 0.32455229334533214, 0.29095742480456827, 0.29016224440932276, 0.2605817077606916, 0.26028507817536595, 0.239843747086823, 0.23618750758469104, 0.23936746916919946, 0.22136359222978352, 0.21661536670476197, 0.20793258095532655, 0.20429038356244564, 0.21357409131526947, 0.19427912171930076, 0.1966608512997627, 0.1825073548592627, 0.1843633572012186, 0.1820831213966012, 0.1766572669558227, 0.1863391243815422, 0.1658621850311756, 0.17596434181183576, 0.16712862840294837, 0.17460415164753795, 0.16311334060132504, 0.17413913063704967, 0.1705895817950368, 0.16710290607810022, 0.14822205118834972, 0.15412694503739477, 0.1506163149960339, 0.1663589073419571, 0.15564831427112222, 0.15289543518424034, 0.14406385500356556, 0.15576355724036695, 0.13909051013737916, 0.14664192152768374, 0.14207599180564284, 0.14106102153658867, 0.1405982675589621, 0.13061504275351762]
val_loss: [0.7161430653603055, 0.5513157364641378, 0.48386023115966575, 0.5289273850609711, 0.4459278212509878, 0.40679400843720637, 0.4858004184533037, 0.41568627236700834, 0.40121720028544633, 0.3178089132106514, 0.31395897473913087, 0.3161333558100486, 0.23225221719406294, 0.24950735281563097, 0.2109024771697144, 0.22160379844182077, 0.16598804092919392, 0.17575907552456016, 0.15242704049418196, 0.1490952202720071, 0.10754617591954374, 0.10781322098532452, 0.10367106393241753, 0.10064894472613063, 0.130224385214352, 0.09896952818186906, 0.09259339921045368, 0.10588698831156239, 0.08390107777105778, 0.10430039785026052, 0.08188564403181711, 0.087909752051869, 0.08954078696053147, 0.08747802804323752, 0.08702761634518878, 0.09980450223259255, 0.08565657128137567, 0.09631385357296837, 0.08966157122115644, 0.08272598543694604, 0.08055286114740517, 0.07855300541780637, 0.0784442122113237, 0.08480078887310338, 0.08671653640729972, 0.08058974514835097, 0.07507173403976573, 0.07496206306112635, 0.08871292023439369, 0.07927716254724218]
