train_acc: [61.8, 71.8, 77.65, 83.3, 86.75, 89.2, 91.3, 91.85, 93.35, 95.2, 94.0, 95.75, 95.3, 95.25, 95.8, 96.5, 96.5, 96.25, 96.6, 96.2, 96.55, 96.8, 97.1, 95.95, 97.0, 97.1, 97.2, 97.15, 97.25, 97.55, 97.0, 97.55, 97.7, 97.5, 97.85, 97.9, 97.65, 97.9, 97.8, 97.65, 97.4, 98.15, 98.15, 97.4, 97.5, 97.8, 97.85, 97.55, 98.2, 97.8]
val_acc: [70.77131258457375, 71.38024357239513, 74.22192151556158, 77.74018944519621, 80.04059539918809, 94.72259810554804, 96.68470906630581, 93.9106901217862, 95.39918809201623, 97.22598105548037, 97.22598105548037, 98.71447902571042, 95.66982408660351, 98.24086603518268, 98.78213802435724, 98.91745602165088, 98.6468200270636, 98.3085250338295, 99.05277401894452, 98.71447902571042, 98.51150202976996, 98.91745602165088, 98.9851150202977, 97.56427604871448, 99.05277401894452, 98.9851150202977, 98.78213802435724, 98.91745602165088, 98.84979702300406, 99.12043301759134, 98.91745602165088, 98.9851150202977, 99.12043301759134, 99.05277401894452, 99.25575101488498, 99.18809201623816, 99.18809201623816, 99.18809201623816, 98.9851150202977, 99.12043301759134, 99.25575101488498, 99.18809201623816, 98.91745602165088, 98.9851150202977, 99.12043301759134, 99.05277401894452, 99.12043301759134, 99.12043301759134, 98.3085250338295, 98.57916102841678]
train_loss: [2.9448109788894654, 2.7317786951065064, 2.616957042694092, 2.545236122608185, 2.4972393221855165, 2.4488384928703306, 2.4133757548332215, 2.392133161067963, 2.346051146030426, 2.3151346259117127, 2.3151582713127135, 2.281673261642456, 2.2881936349868774, 2.295790888786316, 2.2709845957756043, 2.2558100938797, 2.255357522010803, 2.2591990127563477, 2.2425036282539366, 2.2526430034637452, 2.240738205909729, 2.228798011302948, 2.2159265489578246, 2.2408669562339782, 2.216805178642273, 2.2098550333976745, 2.210704379558563, 2.2137708959579467, 2.213081801891327, 2.191550214767456, 2.222174868106842, 2.1897205157279966, 2.1952939805984495, 2.1893751854896544, 2.188071632862091, 2.1859893102645875, 2.1789357957839965, 2.185676688194275, 2.188143678188324, 2.189542797088623, 2.191945557117462, 2.1652846336364746, 2.1757577085494995, 2.195507724761963, 2.189062795639038, 2.181353195667267, 2.182026607990265, 2.1796842350959778, 2.1728481135368347, 2.173306517124176]
val_loss: [0.7221167339201063, 0.5288357188640331, 0.5228472393968915, 0.4459306975178854, 0.3941728257358639, 0.26602632478786903, 0.19737518124070638, 0.24195293027590029, 0.21826061705210534, 0.1490229285436812, 0.13797915953744572, 0.12593314263349617, 0.17224749776563722, 0.13685091241125485, 0.12011687277094114, 0.10537245879718513, 0.11363005637114361, 0.14741038721110244, 0.10674867203335639, 0.1108773573829776, 0.11903982027276282, 0.09897316129265683, 0.08265075673310134, 0.12309494236527019, 0.09173982439207289, 0.08587080300741493, 0.08710040057806427, 0.08802536781751255, 0.09257570673309579, 0.09561379842651713, 0.1005324184370299, 0.0802266537255944, 0.08057126210289169, 0.09018097473094203, 0.08181367629032496, 0.08945091823884696, 0.07754068236409892, 0.09024981773270645, 0.08396711463615278, 0.08410055366255273, 0.08176965487261426, 0.08176748875997386, 0.09045326384099475, 0.08633395077733774, 0.0788538252962539, 0.0873485148174837, 0.09094224451802903, 0.09913238428321355, 0.10573687440185166, 0.11553100803274666]
