train_acc: [66.925, 77.775, 79.95, 83.9, 90.175, 92.175, 92.925, 94.2, 94.825, 95.15, 95.025, 96.3, 95.1, 95.725, 95.9, 95.95, 96.0, 96.5, 96.625, 96.975, 97.075, 96.6, 96.925, 97.15, 97.275, 97.75, 97.35, 97.6, 97.525, 97.4, 97.875, 98.0, 97.7, 97.575, 97.7, 98.0, 98.125, 98.075, 97.9, 97.9, 98.075, 98.25, 98.1, 98.125, 98.175, 98.25, 98.05, 98.475, 97.975, 98.175]
val_acc: [85.6562922765502, 82.13802435207754, 68.20027063599458, 75.84573748050427, 74.69553450092734, 76.8606224524636, 75.98105548037888, 74.76319350473614, 79.22868741026429, 93.30175911331693, 93.7077131155218, 91.54262515882355, 92.62516912684873, 87.68606223595481, 91.61028414714643, 92.35453315290934, 95.06089309878213, 90.52774018428322, 94.99323408981138, 91.74560216508796, 94.11366711772666, 89.5128552097429, 93.97834912043302, 91.94857916102842, 94.51962110960758, 93.03112313937754, 96.34641405242382, 94.92557509116456, 94.31664411366712, 93.9106901217862, 91.54262514849961, 94.99323407948744, 94.11366709707877, 92.2192151556157, 95.39918809201623, 93.234100135318, 92.69282814614344, 91.33964817320704, 92.82814613311314, 93.36941813261164, 93.0311231290536, 91.13667115661869, 94.65493910690122, 95.60216508795669, 93.09878213802436, 94.5872801082544, 93.57239510790421, 93.50473612990528, 94.5872801082544, 94.72259810554804]
train_loss: [1.0976848307847977, 0.8764660592079163, 0.7681932483315468, 0.7227919091582298, 0.5783045854270458, 0.5523701370060444, 0.5225404087603093, 0.5102320417761803, 0.46967769497632983, 0.4557737409174442, 0.4634843968749046, 0.45318132123351096, 0.457950803026557, 0.44369000239670275, 0.45756438525021076, 0.4369239040613174, 0.4545752802491188, 0.4360484120696783, 0.4086519390940666, 0.4060631621927023, 0.39611113218963145, 0.389254714101553, 0.41146018724143507, 0.41065115375816824, 0.39647217954695224, 0.37329784348607065, 0.392470096334815, 0.3608388717472553, 0.3656801483556628, 0.37833434733748433, 0.3691241004317999, 0.3568830519914627, 0.351317761361599, 0.3899799726754427, 0.37122278970479966, 0.37175089272856715, 0.37533663934469225, 0.3574479575455189, 0.37561844050884247, 0.3776560846269131, 0.35982251532375814, 0.3591863242983818, 0.3497398695796728, 0.3669572726339102, 0.37923205733299253, 0.3499495062381029, 0.3520117116123438, 0.36676829648017883, 0.3393707299232483, 0.3621407252326608]
val_loss: [0.6769442706695268, 0.5969681930961402, 0.7191584977309985, 0.7184778934644588, 0.6331270643596881, 0.5776711242205397, 0.8029853260000923, 0.7596004394781606, 0.6732123505843347, 0.2894493746741376, 0.2957824851727776, 0.284939877134376, 0.25065287604867525, 0.3824410529073746, 0.259698663819304, 0.2538243500120101, 0.21555049235507825, 0.32199750380925785, 0.2036953059923665, 0.27443610381773587, 0.207399058245193, 0.3355830954602026, 0.2090587046940046, 0.24631472040819702, 0.2230264121245628, 0.23113018799578225, 0.16147337232858788, 0.19147582088013623, 0.22446434766417103, 0.23796656320478984, 0.2878648966187876, 0.21972730231543194, 0.24292331913811266, 0.27013838704529247, 0.18197104827839886, 0.23698693946387028, 0.27470154719520484, 0.2871648131066956, 0.2574432775156424, 0.23449576068392303, 0.22687722528819626, 0.3065216043845565, 0.20183425042803457, 0.1825346891668717, 0.2523060160334927, 0.19212814060535097, 0.23479256287963207, 0.2512773796411909, 0.1984051276749461, 0.19722861571789432]
