train_acc: [61.575, 71.075, 70.7, 74.25, 76.825, 78.65, 81.825, 83.025, 85.5, 88.175, 86.975, 89.775, 89.625, 89.625, 91.45, 90.75, 90.1, 92.025, 91.25, 91.85, 91.875, 92.575, 91.475, 92.7, 92.35, 93.275, 93.725, 93.05, 93.55, 94.45, 95.1, 94.325, 94.775, 94.125, 94.225, 94.75, 95.65, 95.475, 95.15, 94.925, 95.225, 95.475, 95.125, 95.525, 94.725, 95.225, 96.1, 95.3, 95.95, 96.0]
val_acc: [45.87280108254398, 68.20027063599458, 61.50202976995941, 63.667117726657644, 64.41136671177267, 79.16102841161747, 72.05683355886333, 68.53856562922869, 73.68064952638701, 92.69282814614344, 85.79161028416779, 90.79837618403248, 73.88362652232748, 76.99594045491922, 70.43301758875866, 74.42489851150204, 72.59810554803789, 72.86874154004418, 80.92016237127281, 85.3856562871249, 91.67794316386015, 92.69282814614344, 87.14479025194223, 89.30987820864047, 89.91880919129987, 73.9512855209743, 78.41677942134046, 73.00405953991881, 73.2746955345061, 72.39512855209743, 73.2746955345061, 79.29634640374913, 80.85250337262599, 79.63464139698323, 95.66982406595564, 94.9255751014885, 95.33152908304548, 92.15155615696888, 89.44519621109607, 95.60216508795669, 88.76860621946591, 96.54939105868823, 95.66982408660351, 95.87280108254397, 94.2489851150203, 96.14343705648336, 96.07577807848443, 95.26387009472259, 94.51962110960758, 97.22598104515643]
train_loss: [1.2555744894742966, 1.0003988718986512, 0.9751818206310272, 0.926399560034275, 0.9040108417272568, 0.9020404231548309, 0.8406294915676117, 0.8297230828404426, 0.804092509329319, 0.7179985391497612, 0.7414082418978214, 0.7089799067974091, 0.6119349066615105, 0.5802544002830983, 0.6140682564079761, 0.6065056150853634, 0.6598760944008827, 0.5492454355061054, 0.6713954684138298, 0.6211766009032726, 0.5761236095130443, 0.6091964369118213, 0.615790645390749, 0.6305669838190079, 0.57022823394835, 0.6252583546638488, 0.5378306655585766, 0.5626359964609147, 0.5678447659611702, 0.5288421394526959, 0.5094140957295895, 0.5094229736477136, 0.5444391791820526, 0.5301025227755308, 0.5502031235098839, 0.560468248784542, 0.5382096079587937, 0.4995778001397848, 0.5180781167894601, 0.4845851809680462, 0.48750659327208995, 0.4715043282210827, 0.49069864277541636, 0.4150327625572681, 0.4677206524312496, 0.4564526371657848, 0.518866301625967, 0.4806535533368588, 0.48864638614654543, 0.48584259453415873]
val_loss: [1.191264741394936, 0.602097516816427, 0.6813162403113142, 0.6380363885056182, 0.6455403098960045, 0.49327790277413974, 0.5395036771066779, 0.5496529068732294, 0.5938124567250115, 0.35536374674205123, 0.4022274581924666, 0.3772875323831148, 0.5934390753648762, 0.5085036082140325, 0.5550452263897262, 0.8160629179202655, 0.7833483413325595, 0.5374399631691237, 0.46905312369576324, 0.44479548888777526, 0.3188719997668944, 0.314015615192092, 0.41523991238845054, 0.31628122786122986, 0.3204143980117225, 0.6414562520521904, 0.47989802195593534, 0.8433859971060804, 0.6794865708268867, 0.8009001793433107, 0.8098540901482428, 0.5598253441951836, 0.5569760305945621, 0.5911691721039792, 0.2507478406952747, 0.26548417074875513, 0.2231046605164611, 0.2734501932335561, 0.2888977302084595, 0.23222081873853248, 0.29125588602501096, 0.23109552707820527, 0.21284708119575968, 0.21469116829970855, 0.24939131511927295, 0.2352439869543051, 0.21364793157222628, 0.2209987048064743, 0.24516419495716793, 0.16196651378185242]
