train_acc: [62.95, 74.65, 77.85, 85.4, 87.85, 91.55, 92.6, 92.45, 93.05, 94.5, 94.85, 95.3, 96.0, 95.9, 96.6, 96.55, 96.6, 97.0, 96.6, 97.3, 96.6, 98.4, 97.7, 97.55, 97.3, 98.0, 96.85, 98.0, 97.55, 97.7, 97.5, 97.4, 98.35, 97.85, 97.8, 97.85, 98.2, 97.25, 98.5, 98.05, 98.0, 98.45, 97.8, 98.75, 98.4, 98.55, 97.8, 98.45, 97.8, 98.55]
val_acc: [75.77807848443842, 76.25169147496617, 80.44654939106901, 77.53721244925575, 78.61975642760487, 77.80784844384303, 79.02571041948579, 79.09336941813261, 79.63464140730717, 79.90527740189445, 88.97158322056833, 82.47631935047362, 90.05412719891746, 79.56698240866035, 79.43166441136671, 87.95669824086603, 82.47631935047362, 84.84438430311232, 86.73883626522327, 89.851150202977, 95.87280108254397, 86.06224627875507, 88.70094722598105, 88.22733423545331, 84.1001353179973, 91.81326116373478, 85.31799729364005, 87.48308525033829, 85.25033829499323, 92.28687415426252, 97.9702300405954, 91.06901217861976, 87.00947225981055, 86.06224627875507, 87.00947225981055, 90.46008119079838, 90.8660351826793, 94.65493910690122, 95.66982408660351, 95.87280108254397, 90.46008119079838, 93.9106901217862, 93.16644113667118, 93.43707713125846, 88.4979702300406, 94.5872801082544, 86.94181326116373, 89.24221921515561, 89.851150202977, 89.64817320703654]
train_loss: [0.9679059644937515, 0.7149330753684043, 0.615746891438961, 0.5166541474461556, nan, nan, nan, nan, nan, nan, nan, nan, nan, nan, nan, nan, nan, nan, nan, nan, nan, nan, nan, nan, nan, nan, nan, nan, nan, nan, nan, nan, nan, nan, nan, nan, nan, nan, nan, nan, nan, nan, nan, nan, nan, nan, nan, nan, nan, nan]
val_loss: [0.6747983177879344, 0.47629744871059515, 0.4009582269457906, 0.4481624134177284, 0.45804581245727566, 0.5098712757653248, 0.42500298772213907, 0.4419334705551035, 0.4102955557335375, 0.3684659611751327, 0.2560327886698291, 0.331861801082533, 0.22963738788287275, 0.42256303084699165, 0.4498133985993625, 0.2837701537047736, 0.38563237273221246, 0.3394831898792348, 0.2979274289191011, 0.24192515411823787, 0.14684670254164683, 0.3244127423498724, 0.2658603289120494, 0.27620568304386933, 0.3416180045410729, 0.21588822327181192, 0.32397180740218684, 0.3021802726240781, 0.31508812152544924, 0.2023988479171175, 0.09908071255087046, 0.21396069120267894, 0.3101931958180803, 0.31533856512487174, 0.2838726634857861, 0.23473701179430836, 0.22122742644484697, 0.17007460239493313, 0.13773945669097895, 0.127123999972708, 0.24187721995099956, 0.16415204681425843, 0.18469779798319924, 0.17476182461732617, 0.2730397691040304, 0.17452519102695024, 0.29136252396201895, 0.26556367935746383, 0.25776406880896613, 0.2567433164794003]
