train_acc: [58.65, 72.0, 73.1, 75.15, 77.6, 81.65, 85.25, 88.65, 89.2, 91.3, 93.6, 94.4, 94.9, 94.7, 96.55, 95.7, 95.5, 96.5, 96.75, 96.2, 96.25, 96.1, 97.2, 96.8, 97.15, 96.65, 97.0, 97.05, 97.45, 96.4, 96.95, 97.2, 97.75, 97.4, 97.2, 97.25, 97.9, 98.0, 98.55, 96.8, 97.85, 97.65, 97.6, 97.8, 98.35, 97.85, 98.25, 97.7, 97.9, 97.9]
val_acc: [74.56021650879568, 71.10960757780785, 72.32746955345061, 79.16102841677943, 77.46955345060893, 90.59539918809202, 90.79837618403248, 88.90392422192151, 85.58863328822733, 96.54939106901217, 96.9553450608931, 98.17320703653586, 97.9702300405954, 97.9702300405954, 97.56427604871448, 98.78213802435724, 98.71447902571042, 98.78213802435724, 98.03788903924222, 98.17320703653586, 98.9851150202977, 98.51150202976996, 98.71447902571042, 98.6468200270636, 98.51150202976996, 99.18809201623816, 98.3085250338295, 98.57916102841678, 98.71447902571042, 98.6468200270636, 99.59404600811908, 98.91745602165088, 98.84979702300406, 98.71447902571042, 98.57916102841678, 99.12043301759134, 98.51150202976996, 98.78213802435724, 98.84979702300406, 99.12043301759134, 99.52638700947226, 99.39106901217862, 98.71447902571042, 99.6617050067659, 98.9851150202977, 99.45872801082544, 99.3234100135318, 99.45872801082544, 98.91745602165088, 99.52638700947226]
train_loss: [2.944476078033447, 2.7079899883270264, 2.6718272104263305, 2.610645205497742, 2.586971270084381, 2.5274545798301697, 2.4796614422798156, 2.431672640323639, 2.413459958076477, 2.3828070940971373, 2.349897698879242, 2.316116223335266, 2.3180547976493835, 2.294738805294037, 2.2628142218589784, 2.274333645820618, 2.267249195098877, 2.2620235629081726, 2.2406098375320433, 2.2404173541069032, 2.246796614646912, 2.250426411151886, 2.2191763739585877, 2.220939483642578, 2.219670434474945, 2.2255352210998534, 2.2146693086624145, 2.2102657389640807, 2.2054908027648925, 2.2214135341644288, 2.207478091239929, 2.197535598754883, 2.193319965362549, 2.2028960609436035, 2.195951632976532, 2.19604437828064, 2.186906072616577, 2.1800511322021485, 2.162663233280182, 2.208181408405304, 2.1857906222343444, 2.1861921610832216, 2.1761138973236083, 2.1803156857490538, 2.166645077228546, 2.1817912764549257, 2.1601327271461486, 2.1780894961357116, 2.1641798567771913, 2.16837672328949]
val_loss: [0.655810106026465, 0.5397253741834096, 0.40305937859903973, 0.4350064671894533, 0.3855139268347956, 0.3242834101510467, 0.3046218376500842, 0.3024271790830466, 0.31071205593454015, 0.24062568179164107, 0.18341198649272544, 0.17079964726760036, 0.17004289129731298, 0.13230998713286224, 0.16032344350876118, 0.11613694618737101, 0.10328421911101218, 0.12615536373103584, 0.12720626784193662, 0.11576455221568134, 0.08225061715213791, 0.11504413739996124, 0.09954882286620076, 0.10280253595000836, 0.10246424555415552, 0.07814373018494801, 0.10427338189882741, 0.10158349918415807, 0.08853462125717868, 0.09394169558994019, 0.0705873720468865, 0.09461580747700674, 0.08844212315603586, 0.1000284081544218, 0.10276554235545805, 0.08290603632896291, 0.09775037425337044, 0.08591216704801874, 0.08631582503712387, 0.08235988597585965, 0.07287932805343958, 0.07644053212340533, 0.0859237969103137, 0.0725366141803371, 0.07755029047253328, 0.07788217808491725, 0.07517780928150404, 0.0769755939508162, 0.07958536221316848, 0.07207911258439895]
