train_acc: [55.8, 75.6, 77.65, 83.75, 87.7, 89.55, 91.8, 92.4, 93.05, 94.4, 94.4, 94.85, 95.45, 95.25, 95.9, 95.4, 96.65, 97.25, 96.5, 96.0, 96.55, 96.75, 96.7, 96.8, 97.75, 97.15, 96.65, 97.6, 97.3, 98.05, 98.4, 97.15, 98.0, 97.25, 97.95, 98.0, 97.85, 97.7, 97.3, 97.9, 97.45, 98.0, 97.45, 98.05, 97.9, 97.75, 98.2, 98.7, 98.1, 98.8]
val_acc: [74.6278755074425, 74.6278755074425, 76.58998646820027, 80.31123139377537, 78.28146143437077, 76.11637347767252, 81.19079837618403, 92.96346414073072, 88.36265223274695, 86.46820027063599, 92.82814614343708, 80.64952638700947, 96.2787550744249, 99.12043301759134, 89.78349120433018, 85.52097428958051, 90.59539918809202, 99.45872801082544, 98.57916102841678, 99.39106901217862, 99.39106901217862, 99.12043301759134, 98.91745602165088, 99.25575101488498, 99.3234100135318, 98.78213802435724, 99.3234100135318, 99.18809201623816, 98.9851150202977, 98.9851150202977, 98.6468200270636, 98.78213802435724, 98.9851150202977, 99.05277401894452, 99.18809201623816, 98.6468200270636, 99.25575101488498, 99.25575101488498, 99.12043301759134, 99.25575101488498, 99.12043301759134, 99.05277401894452, 97.15832205683355, 98.78213802435724, 98.9851150202977, 98.84979702300406, 98.10554803788904, 98.71447902571042, 98.78213802435724, 96.617050067659]
train_loss: [1.0158260649442672, 0.7535471503138542, 0.6559712255597114, 0.5710535037219524, nan, 0.45946762001514435, nan, nan, nan, nan, nan, nan, nan, nan, nan, nan, nan, nan, nan, nan, nan, nan, nan, nan, nan, nan, nan, nan, nan, nan, nan, nan, nan, nan, nan, nan, nan, nan, nan, nan, nan, nan, nan, nan, nan, nan, nan, nan, nan, nan]
val_loss: [0.7852784738811653, 0.49349938645575786, 0.40710634229067055, 0.40638902630147816, 0.39704620854296446, 0.4019385154821553, 0.3364932148922764, 0.2567710261968379, 0.26102143707552844, 0.3017642602163174, 0.23729061967465165, 0.3262410193117126, 0.21324685767434123, 0.18957321006043515, 0.24104192408358777, 0.286443976803868, 0.24204488047203288, 0.14466115932140364, 0.17756406068600242, 0.12245521376335411, 0.11685095946222585, 0.13516662598503135, 0.1188697973026797, 0.11860593273247692, 0.11799357200346393, 0.12072973598566042, 0.09183001346855912, 0.09944333368975351, 0.09788537117701744, 0.11330356579954473, 0.10838257528952397, 0.13113580503991235, 0.1142008156592533, 0.09137182045067599, 0.10672151603822941, 0.11282142786578817, 0.08607527463418382, 0.08122868405425661, 0.11234095467050359, 0.08804262199606722, 0.10411079136178361, 0.1039631541551208, 0.14518651768000587, 0.10619480692162726, 0.08369280254727933, 0.10377520026893673, 0.10997170157962464, 0.10636804383928625, 0.10157622881889021, 0.1443799935175416]
