train_acc: [55.55, 74.9, 80.4, 85.5, 87.8, 91.05, 91.4, 93.0, 92.8, 94.75, 95.15, 95.45, 96.05, 96.3, 96.8, 97.05, 95.75, 97.15, 96.7, 96.55, 97.5, 97.0, 97.75, 98.05, 98.3, 97.5, 97.7, 97.9, 98.05, 97.75, 98.1, 98.0, 98.1, 98.0, 98.85, 98.35, 97.7, 98.7, 98.8, 98.45, 97.95, 98.2, 98.95, 99.15, 98.65, 98.85, 98.75, 98.8, 99.3, 98.7]
val_acc: [71.24492557510149, 71.65087956698241, 76.11637347767252, 73.54533152909337, 73.13937753721245, 74.35723951285522, 78.68741542625169, 76.52232746955345, 79.70230040595399, 80.04059539918809, 89.78349120433018, 89.1745602165088, 84.64140730717186, 80.10825439783491, 96.00811907983761, 95.33152909336941, 97.69959404600812, 97.36129905277402, 96.41407307171853, 97.56427604871448, 98.3085250338295, 97.69959404600812, 97.90257104194858, 97.76725304465494, 97.6319350473613, 98.3085250338295, 93.234100135318, 98.03788903924222, 98.51150202976996, 98.78213802435724, 97.42895805142084, 97.9702300405954, 98.71447902571042, 98.44384303112314, 98.51150202976996, 98.37618403247632, 98.51150202976996, 98.03788903924222, 98.3085250338295, 98.71447902571042, 98.71447902571042, 98.17320703653586, 98.24086603518268, 98.3085250338295, 97.9702300405954, 97.49661705006766, 98.57916102841678, 97.83491204330176, 98.44384303112314, 97.42895805142084]
train_loss: [1.0230310906171798, 0.7427845180630684, 0.6169615643620491, 0.5390080461204052, 0.47954490715265274, 0.4133514526486397, 0.39276037116348744, nan, nan, nan, nan, nan, nan, nan, nan, nan, nan, nan, nan, nan, nan, nan, nan, nan, nan, nan, nan, nan, nan, nan, nan, nan, nan, nan, nan, nan, nan, nan, nan, nan, nan, nan, nan, nan, nan, nan, nan, nan, nan, nan]
val_loss: [0.770172888435756, 0.5329977028344094, 0.3989024313824587, 0.44386218818905226, 0.47158747592862793, 0.4902641909431379, 0.41986348286412245, 0.5479966892189119, 0.4076768664065975, 0.4588127449981576, 0.27353690870116304, 0.266767629287401, 0.2902062567548274, 0.44223929430498, 0.22164507456254895, 0.20804402951015025, 0.13997177272551115, 0.15731065278225081, 0.1858427371018149, 0.15997771588084825, 0.13008014419707137, 0.14788261896783186, 0.12129323409318278, 0.11565612098744016, 0.15486392238667596, 0.13218466431426742, 0.2046945856201068, 0.11488822264866513, 0.11943401145737452, 0.1059498508058801, 0.14437058062893773, 0.11872299532223296, 0.11460419099006666, 0.11709229674830489, 0.1243886491271172, 0.12307015300825419, 0.10839829023256999, 0.13270447828651927, 0.12365563623657569, 0.09889980166626235, 0.10855881812829771, 0.12419848425341556, 0.11649140961599286, 0.11072893235555198, 0.12273550637479726, 0.12761124477032396, 0.10671029022122268, 0.13974294847782312, 0.11004803143189627, 0.1302503110445199]
