train_acc: [56.65, 73.1, 76.9, 77.7, 79.6, 80.5, 81.85, 81.35, 82.6, 83.75, 84.15, 84.8, 85.7, 87.85, 88.25, 88.4, 89.5, 91.2, 91.7, 92.95, 92.8, 92.9, 93.55, 93.95, 95.3, 96.2, 95.5, 95.75, 96.0, 96.2, 95.55, 96.85, 96.0, 96.9, 96.6, 97.85, 97.25, 97.7, 97.1, 96.9, 97.1, 97.65, 98.05, 97.55, 97.8, 97.65, 97.8, 98.15, 97.85, 98.25]
val_acc: [67.9296346414073, 70.70365358592693, 71.17726657645467, 91.2043301759134, 91.06901217861976, 71.10960757780785, 92.08389715832206, 91.74560216508796, 92.8958051420839, 92.8958051420839, 74.08660351826794, 75.23680649526386, 77.87550744248985, 73.68064952638701, 83.22056833558864, 74.22192151556158, 81.66441136671178, 75.10148849797022, 89.10690121786197, 92.62516914749662, 89.64817320703654, 78.01082543978349, 86.19756427604871, 73.41001353179973, 87.55074424898511, 89.1745602165088, 95.46684709066305, 93.234100135318, 91.61028416779432, 94.65493910690122, 93.36941813261164, 94.2489851150203, 93.97834912043302, 93.77537212449256, 93.9106901217862, 95.06089309878213, 73.6129905277402, 94.85791610284168, 96.07577807848443, 93.5723951285521, 94.45196211096076, 92.8958051420839, 94.99323410013533, 96.07577807848443, 95.19621109607577, 95.53450608930987, 94.85791610284168, 95.39918809201623, 94.45196211096076, 95.87280108254397]
train_loss: [1.031606552362442, 0.8318102551698685, 0.7119380216598511, 0.663643187880516, 0.6201235154271125, 0.5983588385879993, 0.5750823563933373, 0.5516403710544109, 0.5357344050109386, 0.5209808187782764, 0.5174660640656948, 0.4938770787417889, 0.48983050456643107, 0.4566510765850544, 0.45366039392352103, 0.4573764049112797, 0.4384661632478237, 0.4079175283610821, nan, 0.38755637738108634, nan, 0.3807900965511799, nan, 0.3676038180589676, 0.33669300910830496, 0.32804905460774897, 0.3460774371176958, nan, 0.32077089093625544, nan, 0.3291929620504379, 0.3061076425909996, nan, nan, nan, nan, nan, nan, nan, nan, nan, nan, nan, nan, nan, nan, nan, nan, nan, nan]
val_loss: [0.8876504047959035, 0.6345485268168263, 0.5561252609802679, 0.453239104321103, 0.4662179195590529, 0.503711283932842, 0.3801105123653464, 0.42431753841562747, 0.3585615081659673, 0.3855072228548007, 0.4620858484801001, 0.44239256669123217, 0.42096255777128977, 0.4748212664170097, 0.3428421383055686, 0.5023441911449452, 0.3750126439276503, 0.43191235664732885, 0.32606417368164886, 0.3162507853383786, 0.38186758453170083, 0.40480773885896953, 0.3514286473453932, 0.5023063315287817, 0.3434076837197208, 0.364627954853807, 0.21646420015412834, 0.26448770014112954, 0.32516008442083777, 0.24058767171206105, 0.29181724131429954, 0.2631767899886842, 0.2490818106515159, 0.27435676578094575, 0.2648189623659938, 0.2361014891965302, 0.5168354985617978, 0.24017489620853663, 0.2593120881967519, 0.28362412335343545, 0.21873815456488457, 0.27840906023696893, 0.24684378541048227, 0.26203096646901236, 0.23174971067857034, 0.24298062017225283, 0.24425917024017188, 0.23293918142339695, 0.25267269748675164, 0.1999060809208995]
