train_acc: [52.1, 71.85, 77.75, 79.35, 79.95, 82.0, 83.0, 83.5, 85.85, 85.8, 87.2, 87.05, 87.6, 88.5, 91.3, 90.25, 92.85, 92.3, 91.55, 93.55, 93.45, 94.05, 93.95, 94.65, 95.8, 95.55, 96.0, 96.6, 95.85, 96.6, 96.25, 97.1, 96.75, 97.05, 97.4, 97.55, 97.2, 97.65, 96.95, 98.1, 96.85, 97.85, 97.55, 98.0, 97.95, 97.85, 97.3, 98.15, 97.5, 97.8]
val_acc: [49.05277401894452, 57.104194857916106, 73.00405953991881, 72.39512855209743, 84.30311231393776, 88.09201623815967, 86.33288227334235, 88.15967523680649, 86.12990527740189, 88.43031123139377, 78.21380243572395, 77.53721244925575, 80.85250338294993, 74.15426251691476, 70.97428958051421, 72.53044654939107, 78.28146143437077, 75.50744248985114, 74.9661705006766, 74.76319350473614, 79.22868741542625, 73.68064952638701, 79.49932341001353, 73.68064952638701, 78.41677943166441, 75.3721244925575, 75.57510148849796, 74.83085250338296, 74.01894451962112, 74.08660351826794, 76.79296346414073, 85.52097428958051, 91.33964817320704, 73.74830852503383, 77.26657645466847, 75.64276048714478, 76.11637347767252, 79.97293640054127, 74.22192151556158, 75.3721244925575, 74.83085250338296, 78.89039242219215, 76.0487144790257, 75.7104194857916, 79.22868741542625, 75.23680649526386, 75.84573748308524, 75.0338294993234, 91.67794316644114, 91.61028416779432]
train_loss: [1.0311258635520935, 0.8461640329360962, 0.7392013821005822, 0.6699224079251289, 0.6345230476856232, 0.5917782653868199, 0.5784511917829513, 0.5590957007706165, 0.5244879564642906, 0.5289748854935169, 0.5021407842040062, 0.5030213357806206, 0.48046053379774095, 0.4764333749115467, 0.4302073974609375, 0.4484935270547867, 0.4084399363398552, 0.4129950420260429, 0.40728527131676673, 0.3871170770227909, 0.38238041047751903, 0.37808681708574293, 0.36848601257801056, 0.3670489753782749, 0.34396606947481634, 0.3449990672916174, 0.32991160418093207, nan, 0.32673705792427066, 0.3218694879859686, nan, 0.30743085066974163, nan, nan, nan, nan, nan, nan, nan, nan, nan, nan, nan, nan, nan, nan, nan, nan, nan, nan]
val_loss: [0.9557229521632679, 0.8212801304737835, 0.6428652563017663, 0.6552451935688762, 0.5796831429246636, 0.5271531602970156, 0.5463494004351521, 0.49292310298053754, 0.5233534738139145, 0.4818821917811008, 0.5048797952669076, 0.45346608477693773, 0.4705839398366189, 0.7625535332140323, 0.5260794118087089, 0.5053804728513803, 0.472234697883926, 0.4464085949572239, 0.4584845292189125, 0.4591599341497047, 0.43940424586423193, 0.4588648021039685, 0.4207481029714396, 0.6705250375386181, 0.3832749642320834, 0.4065080111662332, 0.5658651771822866, 0.47285797472171115, 0.456592332113015, 0.607944161728206, 0.42288098762540277, 0.3856469313128875, 0.3285137703579237, 0.5977378443629557, 0.40509582344185513, 0.43704270234732245, 0.4044035610431586, 0.39693769558518116, 0.5023343612783978, 0.4344174468105959, 0.45374259247831467, 0.39654887558360546, 0.4485290862508975, 0.4016047740135851, 0.35068486802310195, 0.44400940540074013, 0.3928415724485911, 0.4733298548947168, 0.32003182075988296, 0.3160147660982786]
