train_acc: [64.1, 74.2, 79.4, 83.6, 86.85, 90.25, 91.35, 93.55, 94.15, 94.55, 95.55, 95.1, 95.6, 95.95, 96.65, 96.1, 97.3, 96.95, 97.35, 96.45, 96.65, 97.15, 97.45, 97.5, 97.7, 97.9, 97.4, 97.85, 97.8, 98.45, 98.3, 98.0, 98.15, 97.35, 98.65, 98.3, 98.75, 98.3, 98.7, 97.95, 98.45, 98.05, 98.5, 98.9, 98.75, 98.7, 98.25, 99.1, 98.9, 98.55]
val_acc: [71.04194857916103, 79.02571041948579, 81.3937753721245, 93.77537212449256, 88.90392422192151, 86.33288227334235, 95.73748308525033, 97.22598105548037, 97.49661705006766, 98.10554803788904, 98.71447902571042, 98.44384303112314, 97.49661705006766, 97.69959404600812, 98.3085250338295, 99.18809201623816, 98.3085250338295, 98.9851150202977, 98.71447902571042, 92.76048714479026, 99.25575101488498, 98.91745602165088, 98.51150202976996, 99.18809201623816, 99.12043301759134, 99.25575101488498, 99.12043301759134, 98.9851150202977, 98.91745602165088, 99.25575101488498, 99.12043301759134, 98.91745602165088, 99.12043301759134, 99.25575101488498, 99.05277401894452, 98.6468200270636, 99.05277401894452, 98.78213802435724, 99.18809201623816, 99.3234100135318, 99.25575101488498, 98.84979702300406, 99.12043301759134, 99.18809201623816, 98.3085250338295, 99.18809201623816, 99.25575101488498, 99.18809201623816, 99.25575101488498, 99.25575101488498]
train_loss: [1.3698282152414323, 1.1280340937376023, 1.0332953419089317, 1.0007330147624016, 0.9430126833319664, nan, 0.8889673114120961, nan, nan, nan, nan, nan, nan, nan, nan, nan, nan, nan, nan, nan, nan, nan, nan, nan, nan, nan, nan, nan, nan, nan, nan, nan, nan, nan, nan, nan, nan, nan, nan, nan, nan, nan, nan, nan, nan, nan, nan, nan, nan, nan]
val_loss: [0.6337747720646116, 0.4694876374830574, 0.4073857632396347, 0.30120124780801055, 0.34263637694196225, 0.30147766178733443, 0.22842371276250872, 0.2194125465897488, 0.21546725605151973, 0.2090500309680247, 0.18209644835517919, 0.18271346816714948, 0.21391707493423287, 0.2196841885175692, 0.177865527847502, 0.14642905512464224, 0.1725742020549729, 0.14803235074543017, 0.1597224084889776, 0.22801802088588435, 0.12051167114258458, 0.13363153616493223, 0.1676035416747301, 0.1371521518360294, 0.13230479323634114, 0.11868016595204886, 0.11902094327407374, 0.13259000670926013, 0.12180128847834867, 0.10937289369364392, 0.11365348772625962, 0.12088483331046988, 0.1280492817496576, 0.11844726377173109, 0.12196886516270683, 0.12510303083267843, 0.1261644487159581, 0.13209393728872273, 0.09560139850286088, 0.0977315399216057, 0.09970831547905369, 0.1090345948087669, 0.11725285187041001, 0.10403942743742256, 0.13369073510845475, 0.10079745991163067, 0.09267531584882768, 0.08342246343261979, 0.11169046291095962, 0.08779785104589953]
