train_acc: [50.0, 25.0]
val_acc: [46.34641407307172, 43.369418132611635]
train_loss: [1.074084758758545, 1.153632402420044]
val_loss: [1.075811207697743, 1.0741663022680115]
