train_acc: [54.15, 76.1, 78.75, 82.4, 87.25, 89.2, 91.4, 93.65, 92.95, 93.7, 94.55, 94.5, 95.45, 95.15, 95.8, 95.85, 96.25, 96.3, 96.1, 96.8, 96.6, 96.3, 96.5, 96.5, 96.9, 97.1, 97.2, 97.1, 96.65, 96.7, 97.3, 97.65, 96.6, 97.05, 97.1, 97.3, 97.2, 97.2, 97.6, 97.15, 97.6, 97.5, 97.4, 98.1, 97.9, 98.2, 97.6, 97.7, 97.65, 97.5]
val_acc: [74.83085250338296, 70.70365358592693, 72.73342354533153, 79.76995940460081, 79.02571041948579, 85.45331529093369, 79.49932341001353, 80.51420838971583, 80.37889039242219, 90.66305818673884, 82.27334235453316, 91.61028416779432, 85.79161028416779, 97.49661705006766, 98.91745602165088, 96.34641407307171, 96.07577807848443, 98.84979702300406, 98.78213802435724, 98.6468200270636, 98.91745602165088, 98.9851150202977, 99.12043301759134, 98.24086603518268, 99.12043301759134, 98.84979702300406, 98.57916102841678, 98.51150202976996, 98.24086603518268, 98.51150202976996, 98.78213802435724, 98.44384303112314, 98.78213802435724, 98.6468200270636, 98.51150202976996, 97.83491204330176, 97.2936400541272, 98.9851150202977, 98.57916102841678, 98.3085250338295, 98.03788903924222, 98.57916102841678, 99.05277401894452, 99.12043301759134, 98.37618403247632, 98.71447902571042, 98.24086603518268, 98.84979702300406, 99.12043301759134, 97.69959404600812]
train_loss: [1.4631883546113968, 1.1188433628678323, 1.0523717730641364, nan, nan, nan, nan, nan, nan, nan, nan, nan, nan, nan, nan, nan, nan, nan, nan, nan, nan, nan, nan, nan, nan, nan, nan, nan, nan, nan, nan, nan, nan, nan, nan, nan, nan, nan, nan, nan, nan, nan, nan, nan, nan, nan, nan, nan, nan, nan]
val_loss: [0.6806799907322988, 0.5370566853812325, 0.4872033815422626, 0.42575679874710526, 0.42039205285144593, 0.32475468883333736, 0.4578110976938627, 0.3977458715559826, 0.3907553076703752, 0.26454596892906623, 0.34986673261219176, 0.22421986458467696, 0.28845030069351196, 0.18806727411016236, 0.14375480312818764, 0.1891890095196493, 0.1920924256826689, 0.12238829851110185, 0.12886260612206143, 0.10936279906431297, 0.09745460637266645, 0.10440738533443301, 0.1160924078163178, 0.13588196718725043, 0.09237409415824971, 0.11402130096707196, 0.11769464326687208, 0.1216199441040401, 0.0977065861729227, 0.10968666923949458, 0.1053950323827857, 0.11088919188418957, 0.0946526506030995, 0.09054891494920676, 0.11073749337511714, 0.13879005801996294, 0.1311096086977138, 0.09044357584297899, 0.10465834031690603, 0.1004152433626626, 0.10999425816701294, 0.1036486018938044, 0.09254806286104639, 0.10165196886041651, 0.1101850298446312, 0.09236275504503264, 0.10104226191428582, 0.09107755370569165, 0.09059813744684679, 0.10532562264792006]
