train_acc: [64.65, 80.5, 86.875, 91.325, 94.1, 95.6, 95.575, 96.85, 97.275, 97.6, 97.975, 97.95, 98.125, 98.075, 98.325, 98.55, 98.55, 98.6, 98.925, 98.8, 98.975, 99.15, 99.175, 99.375, 99.2, 99.4, 99.45, 99.5, 99.225, 99.4, 99.25, 99.45, 99.125, 99.625, 99.525, 99.475, 99.625, 99.7, 99.525, 99.55, 99.7, 99.65, 99.475, 99.475, 99.4, 99.8, 99.725, 99.65, 99.55, 99.65]
val_acc: [70.77131258457375, 72.05683355886333, 76.72530446291293, 78.01082543462152, 77.40189445196211, 87.95669823054209, 84.37077131258458, 94.38430309166606, 90.12178618724033, 88.29499321345224, 79.29634640374913, 82.61163734776726, 81.52909336941813, 85.31799728331612, 81.93504735097511, 85.99458725946036, 87.88903923189527, 84.235453304967, 96.2787550744249, 92.89580512143601, 93.30175913396482, 80.78484438430311, 81.79972936400542, 83.89715832205684, 80.31123139377537, 82.4086603518268, 82.34100135317998, 79.70230040595399, 83.28822732391151, 81.25845737483085, 80.78484438430311, 79.90527740189445, 83.62652232746956, 83.76184030411531, 79.56698240866035, 79.22868741542625, 80.37889039242219, 80.04059539918809, 80.92016238159675, 79.29634641407307, 80.37889039242219, 82.7469553450609, 79.09336941813261, 80.10825439783491, 80.85250338294993, 81.19079837618403, 80.17591339648173, 78.82273342354533, 80.37889039242219, 80.10825439783491]
train_loss: [0.8962193930149078, 0.5747084223628044, 0.4761718682646751, 0.381508317142725, 0.3116931390613317, 0.2722655185312033, 0.24961178517341615, 0.21381142142415047, 0.19736203679442405, 0.18715129206329584, 0.17462809851765632, 0.16837236898392438, 0.16241184198111297, 0.1599721251614392, 0.15122743037343025, 0.14519696851819755, 0.13587425270304085, 0.13580921835824847, 0.12578988372161984, 0.12445216821879149, 0.1296024467125535, 0.11642578417435288, 0.12052204020321369, 0.11529559015482664, 0.11450036805123091, 0.11246114972978831, 0.10987534072063863, 0.10560716221481561, 0.109294184923172, 0.1090590349882841, 0.11159564653411508, 0.10155588565394283, 0.10834159859642387, 0.09830168417841197, 0.10293578423187137, 0.10164153498411178, 0.0927174911648035, 0.08978366867080331, 0.09601404017210007, 0.09488128723949193, 0.0889032202642411, 0.09189779975451529, 0.09641399658098816, 0.09172619154676795, 0.09540221763029695, 0.09394404884800314, 0.08621287623979151, 0.0913704561330378, 0.08634419438056648, 0.0909037204682827]
val_loss: [0.6243715908917749, 0.521501501858315, 0.44403958937634636, 0.42012232507759245, 0.42152225267499965, 0.3197477157246599, 0.3216794087414167, 0.2409869061634247, 0.2660301141793738, 0.2826929932135045, 0.49288781650656777, 0.3718032763618094, 0.40123223609143566, 0.3068253485453145, 0.40255861114382907, 0.3060086538488391, 0.2575308689406502, 0.36923564796075126, 0.17472094092744936, 0.20934295106845555, 0.17664720881251425, 0.4982185011606094, 0.4833400552242954, 0.40230500593237045, 0.5764716128756938, 0.43124000653523714, 0.4099168021922505, 0.525472679101082, 0.367058941986064, 0.5257671643981108, 0.5157305417186675, 0.5579936692090415, 0.36615711206592955, 0.42472106881732063, 0.6799061512309902, 0.6848039749672029, 0.5762962614751959, 0.5797125114397687, 0.48573650978253563, 0.6895418223069227, 0.6374753625793773, 0.4873836045638634, 0.650888355663084, 0.6649455269130705, 0.5950264911569343, 0.5419592380080075, 0.6286839767483962, 0.745996163807638, 0.6260815968936125, 0.6247191934648483]
