train_acc: [48.7, 73.875, 78.325, 78.025, 79.9, 82.125, 82.275, 83.65, 86.075, 87.9, 89.475, 90.725, 91.65, 92.35, 93.05, 93.625, 93.425, 94.625, 95.075, 94.75, 93.9, 94.825, 95.175, 95.575, 95.7, 95.825, 95.575, 95.025, 95.325, 96.5, 96.15, 96.775, 96.15, 95.975, 96.225, 96.3, 95.95, 96.725, 96.2, 96.075, 96.6, 96.7, 96.7, 96.525, 96.75, 96.875, 97.25, 96.575, 96.35, 96.725]
val_acc: [56.359945872801084, 65.08795669824086, 67.38836265223274, 43.031123139377534, 60.284167794316645, 56.089309878213804, 52.232746955345064, 58.93098782138024, 61.231393775372126, 69.62110960757781, 60.825439780910216, 55.95399187575819, 68.94451961852862, 61.231393770210154, 72.73342354533153, 65.69688768606224, 64.07307171853857, 68.06495263870094, 71.10960757780785, 58.7956698240866, 72.66576454410372, 74.96617049809561, 66.98240866035182, 71.65087956698241, 66.98240865777085, 69.48579161028417, 62.31393775114026, 65.02029769443207, 65.96752368064952, 74.08660351826794, 61.36671177266577, 71.04194857916103, 67.79431664411366, 75.30446549391068, 70.02706359945873, 64.20838971583221, 72.80108253881637, 66.50879566982408, 62.04330175913397, 69.82408660093728, 71.38024356723315, 70.36535859269283, 66.30581867388362, 61.56968876860623, 63.870094722598104, 70.02706359945873, 68.26792962947944, 69.48579161028417, 69.55345060893099, 64.34370770796387]
train_loss: [1.2514776945114137, 0.9349080569148064, 0.8376571767926216, 0.8200739106535911, 0.7721576942205429, 0.7351919600367546, 0.729023586988449, 0.7171687133312226, 0.6709173734784126, 0.6683089168965817, 0.6233383277654648, 0.5862980828881263, 0.6005800957381725, 0.5983157429993152, 0.5381379910409451, 0.5137483216822147, 0.5488204658329486, 0.5205040068924427, 0.48374257585406305, 0.5118435284793377, 0.5263051797151566, 0.5052914548516273, 0.4834458901286125, 0.495601465255022, 0.4588568902015686, 0.4884670056849718, 0.48034514486789703, 0.45281554329395296, 0.48482879185676575, 0.47404635351896285, 0.45429151931405065, 0.4419009433090687, 0.452702457934618, 0.44999608255922796, 0.44538237869739533, 0.44570885053277015, 0.44871033655107023, 0.4191941109597683, 0.4345028634518385, 0.44347575533390043, 0.4462050107866526, 0.4291319035440683, 0.44534865354001524, 0.4355344530344009, 0.41745760683715344, 0.4120656787008047, 0.3999068094342947, 0.4182676856517792, 0.4331055908948183, 0.43079620745778086]
val_loss: [1.0091699945749224, 0.9251886706229637, 0.9867621449720876, 1.3009327048377837, 1.2397665512900553, 1.2226669835947526, 1.2847197884958395, 1.0608047943799195, 1.121570641197597, 1.0692166241644523, 0.9351643963498901, 1.269840562617827, 1.1415379903555238, 1.1753423439795012, 0.7726620574442717, 1.1724175237351084, 1.1020119619304982, 1.0128824150691336, 1.025280584340489, 1.2106102854215082, 1.2130981475437446, 0.8768291569772366, 1.08340697577261, 1.0594779611521064, 1.2504048516850348, 1.2116918756610162, 1.316744530918795, 1.1733522006236168, 1.1447170920801097, 0.7565514633232912, 0.9527802766982532, 1.229293289542682, 1.2459299799876542, 1.0973549252312949, 1.27038979905384, 1.2847781949178776, 1.0937668351262444, 0.8966350262236047, 1.0807488788529243, 1.0475738991823182, 0.8428717564302465, 0.8700797946390183, 0.9810348925595355, 1.2587873388046502, 1.082720719953351, 1.0416110478775105, 1.2056984931875792, 0.9340816902977204, 0.9249292320505047, 1.1859866833170631]
