train_acc: [53.875, 77.15, 81.325, 81.725, 84.175, 83.975, 85.025, 85.55, 86.05, 88.25, 90.175, 91.95, 92.45, 93.8, 93.925, 93.725, 94.525, 94.175, 95.175, 96.2, 96.05, 96.425, 95.925, 96.1, 96.025, 96.425, 96.325, 96.925, 97.225, 96.15, 96.95, 97.4, 96.875, 97.25, 97.45, 97.625, 97.1, 97.075, 98.25, 97.525, 97.375, 97.725, 97.8, 97.8, 98.0, 98.025, 97.875, 97.65, 97.9, 97.9]
val_acc: [58.05142083897158, 79.22868741284526, 73.13937753463146, 74.01894451704013, 78.28146143178978, 88.29499323410013, 84.50608930729723, 84.3707713074226, 89.71583220052139, 91.06901217345778, 95.19621109607577, 91.33964817320704, 80.31123139119438, 90.25710419485792, 93.50473612990528, 93.5723951285521, 95.46684708033911, 95.73748308525033, 89.91880919646185, 91.67794316644114, 87.14479025194223, 95.66982408660351, 95.87280108254397, 94.45196211096076, 92.48985115020298, 90.5277401894452, 82.67929634383309, 95.53450608930987, 78.55209742895805, 79.63464140730717, 92.8281461382751, 92.89580513692192, 83.35588633030129, 95.73748308525033, 95.26387009472259, 95.19621109607577, 81.66441136413079, 89.03924221663416, 96.2787550744249, 91.8132611585728, 96.68470906630581, 94.5196211044456, 97.15832205683355, 81.7320703627776, 87.0771312558764, 89.71583220310237, 85.79161028158681, 87.88903923963822, 93.234100135318, 90.7983761788705]
train_loss: [1.0299753818511963, 0.7981508450508118, 0.6694120598435402, 0.622976340174675, 0.5735646598935127, 0.5655194268226623, 0.5385569181442261, 0.5239827457070351, 0.49604020804166793, 0.48042482608556747, 0.45348145470023155, 0.43013356775045397, 0.41289531302452087, 0.39588830530643465, 0.38317788124084473, 0.38004316559433937, 0.3625857299566269, 0.3604730872809887, 0.3382128306180239, 0.3260218515992165, 0.31749420493841174, 0.30458196374773977, 0.3211321093142033, 0.30717548084259033, 0.3039543631523848, 0.3016388689279556, 0.2919055529087782, 0.2856612714678049, 0.2752405216395855, 0.28383653773367407, 0.276148755133152, 0.26820351992547514, 0.27126332004368303, 0.26476713943481445, 0.26136687760055066, 0.2555938713550568, 0.25178735983371736, 0.26306132099032403, 0.23313659131526948, 0.24653609038889407, 0.24591254311800004, 0.24556700210273266, 0.24403591227531432, 0.23485559962689875, 0.23472426918148995, 0.2313272795677185, 0.23419626696407794, 0.2315525216907263, 0.22286711233854295, 0.22203259371221065]
val_loss: [0.9977843853391717, 0.6619027906244921, 0.5936601565235845, 0.5354663051352287, 0.5046998115611818, 0.49581493552224726, 0.4771877801466698, 0.4463091954004135, 0.4281981125252173, 0.4105163966689929, 0.35469088526959347, 0.3492125941387533, 0.45985897290690503, 0.3452493114464983, 0.3361647663806869, 0.3080049380559237, 0.3142667112718254, 0.27712330407638186, 0.34254068640314034, 0.2977363468829608, 0.3532023168545776, 0.28316601114763457, 0.24051877908680855, 0.28156264579989754, 0.2736127046674127, 0.32111346834567306, 0.43962777878821946, 0.2678583777321853, 0.5128783857467533, 0.4826289840415624, 0.2795235606991712, 0.2821708282050002, 0.4100887298342017, 0.23788542402290686, 0.23746193052144754, 0.24194500890733103, 0.4336268544922985, 0.3216065388571103, 0.22085392737259563, 0.30322460360391534, 0.22786492246413587, 0.25606534284248406, 0.2053866279544624, 0.45503047282060205, 0.356166549480655, 0.31749173672176667, 0.39076637536166325, 0.33826746326822066, 0.26191626136293267, 0.30007851119777024]
