train_acc: [55.95, 74.2, 78.85, 82.45, 87.25, 88.8, 89.25, 89.9, 92.3, 93.0, 93.6, 93.05, 94.35, 93.65, 95.35, 95.55, 94.45, 96.0, 95.3, 95.95, 96.0, 95.55, 95.7, 95.75, 96.65, 96.85, 95.85, 96.3, 96.15, 97.55, 97.15, 96.15, 96.5, 96.9, 97.25, 97.55, 97.1, 97.75, 97.4, 96.7, 97.6, 97.75, 97.2, 97.4, 97.95, 97.6, 97.65, 98.05, 96.95, 97.65]
val_acc: [68.80920162381597, 72.66576454668471, 71.31258457374831, 73.20703653585927, 75.7104194857916, 76.45466847090663, 88.90392422192151, 81.19079837618403, 94.18132611637348, 91.27198917456022, 94.31664411366712, 94.31664411366712, 96.00811907983761, 96.21109607577807, 96.07577807848443, 95.94046008119079, 97.02300405953991, 97.15832205683355, 96.34641407307171, 97.15832205683355, 96.48173207036535, 97.15832205683355, 97.42895805142084, 96.34641407307171, 97.36129905277402, 96.48173207036535, 97.69959404600812, 97.69959404600812, 97.56427604871448, 96.88768606224627, 97.49661705006766, 97.6319350473613, 97.69959404600812, 98.17320703653586, 97.9702300405954, 95.94046008119079, 97.69959404600812, 98.17320703653586, 97.90257104194858, 97.2936400541272, 97.9702300405954, 97.83491204330176, 96.48173207036535, 98.10554803788904, 98.10554803788904, 98.37618403247632, 98.03788903924222, 98.57916102841678, 98.71447902571042, 97.9702300405954]
train_loss: [1.1750871986150742, 0.9313059031963349, 0.8119392827153206, 0.7501745250821114, 0.661702392578125, 0.6247795175313949, 0.5978658026456833, 0.5865988270640373, 0.5264350559711456, 0.523929433107376, 0.49852816039323805, 0.5096313979029655, 0.48252244406938555, 0.48351127409934996, 0.46359191730618476, 0.4501651667356491, 0.4563303977251053, 0.4348280536234379, 0.4498066636621952, 0.421485473126173, 0.43937753862142565, 0.4348799139559269, 0.4476676114797592, 0.4313326971530914, 0.413134950697422, 0.4035818465650082, 0.41608353674411774, 0.4063521820008755, 0.4208778214752674, 0.3833447159230709, 0.3916240961253643, 0.40302290496230125, 0.4031282806992531, 0.40393929615616797, 0.39091327303647994, 0.3786382823884487, 0.38663345661759374, 0.3732608841955662, 0.3850944218337536, 0.3938640653192997, 0.37468209594488144, 0.3671567261517048, 0.3747901840209961, 0.3748172804117203, 0.36372660329937934, 0.37946620389819147, 0.3837244743704796, 0.3659972143173218, 0.37626479083299635, 0.36371799290180207]
val_loss: [0.8382442128190492, 0.5674520647493525, 0.5599589674495392, 0.5226059855845365, 0.4767375310557782, 0.46047868237847084, 0.35989821643766434, 0.3874161338310119, 0.3066730460754428, 0.3010126037147597, 0.26747038706895143, 0.3017290038068014, 0.23355687784688883, 0.2425089439021799, 0.2232427186709457, 0.19944149230043523, 0.19103518247362403, 0.19663612194692007, 0.17612369349465803, 0.1909962882500782, 0.15496130461057242, 0.17520838242946685, 0.16463632629591976, 0.15277028450785213, 0.15474630164358064, 0.15071455081760965, 0.15310238995898076, 0.15281425963416798, 0.13971340101267715, 0.15947235821266137, 0.15719673382836685, 0.1372603280759632, 0.15146783816959603, 0.13996915914450994, 0.14243875825538202, 0.13331741227671323, 0.14120665114972847, 0.13691666964265103, 0.13412694512023332, 0.11633066594076415, 0.12303896624902427, 0.13453602998521236, 0.1325176402886117, 0.13220995536555458, 0.13038091364547266, 0.12160564124261575, 0.14663705036185268, 0.11899212554238323, 0.12128503121566708, 0.11649920297370712]
