train_acc: [60.45, 73.55, 76.3, 79.05, 81.75, 85.15, 87.25, 89.4, 89.8, 91.85, 92.5, 93.55, 94.65, 94.4, 95.25, 94.55, 96.2, 95.35, 95.1, 96.3, 96.35, 96.7, 95.7, 96.5, 96.75, 97.35, 96.6, 96.75, 97.55, 97.15, 97.4, 96.9, 97.8, 98.15, 98.0, 97.5, 97.6, 98.0, 97.75, 97.8, 98.05, 97.35, 98.05, 98.0, 97.5, 98.15, 98.05, 98.5, 98.35, 98.2]
val_acc: [70.43301759133965, 70.90663058186739, 71.24492557510149, 71.04194857916103, 71.38024357239513, 72.86874154262517, 74.56021650879568, 74.15426251691476, 78.01082543978349, 83.62652232746956, 79.29634641407307, 80.17591339648173, 85.45331529093369, 77.46955345060893, 81.0554803788904, 79.83761840324763, 84.57374830852504, 96.54939106901217, 96.75236806495263, 96.617050067659, 96.88768606224627, 97.9702300405954, 97.90257104194858, 97.6319350473613, 97.56427604871448, 98.44384303112314, 97.6319350473613, 94.79025710419486, 98.91745602165088, 98.3085250338295, 98.10554803788904, 97.02300405953991, 97.6319350473613, 97.2936400541272, 96.82002706359945, 98.17320703653586, 96.88768606224627, 98.03788903924222, 95.80514208389715, 98.03788903924222, 97.76725304465494, 98.6468200270636, 98.3085250338295, 98.17320703653586, 98.03788903924222, 98.57916102841678, 98.51150202976996, 98.3085250338295, 98.84979702300406, 98.6468200270636]
train_loss: [1.0395106300115586, 0.7918830143809319, 0.7135379374027252, 0.6603404656052589, 0.6325854830145836, nan, nan, nan, nan, nan, nan, nan, nan, nan, nan, nan, nan, nan, nan, nan, nan, nan, nan, nan, nan, nan, nan, nan, nan, nan, nan, nan, nan, nan, nan, nan, nan, nan, nan, nan, nan, nan, nan, nan, nan, nan, nan, nan, nan, nan]
val_loss: [0.7047376990802233, 0.5420753423512708, 0.47660561293081277, 0.4696839527404679, 0.47915772474667057, 0.4199674340602671, 0.4014503435711899, 0.4954851899442234, 0.35746566560094184, 0.3150823289309206, 0.38312486973521837, 0.3743541348367647, 0.2994176564745716, 0.3916651936391613, 0.30893384910242805, 0.33533093195121244, 0.2952413646320287, 0.19895321061186927, 0.1958200566480705, 0.18150310986580803, 0.17629264854650858, 0.14160242307230486, 0.16916545820756437, 0.16589807194729458, 0.15436729187894416, 0.14388835006702252, 0.14048438627116575, 0.19981294712593656, 0.11697582044564339, 0.13412238284441388, 0.1319873417262618, 0.15924538544937464, 0.13924847024017806, 0.14882966157185049, 0.15691062887684418, 0.14040544632121577, 0.16849421190554137, 0.11470992842006103, 0.1723148896786131, 0.1259038682235594, 0.1274829498506044, 0.10540156977828365, 0.10108235577708652, 0.10415667601948017, 0.11761505623550957, 0.10309821169657056, 0.10163290284483294, 0.1016837792302178, 0.09479974397787061, 0.10822451520454093]
