train_acc: [48.05, 72.25, 78.9, 84.1, 88.05, 91.9, 92.5, 95.2, 95.35, 95.1, 96.15, 95.7, 96.05, 96.1, 96.2, 97.15, 95.85, 97.15, 97.4, 96.35, 97.25, 97.55, 97.45, 97.55, 97.45, 97.5, 97.15, 97.4, 97.55, 97.75, 97.95, 97.65, 97.9, 97.7, 97.9, 98.1, 98.6, 97.6, 98.1, 98.4, 97.85, 98.35, 98.35, 98.25, 98.3, 97.75, 98.05, 98.3, 98.9, 98.1]
val_acc: [87.48308525033829, 74.89851150202978, 73.88362652232748, 76.0487144790257, 77.94316644113667, 81.32611637347767, 79.83761840324763, 81.32611637347767, 94.99323410013533, 96.2787550744249, 92.2192151556157, 88.76860622462787, 98.51150202976996, 97.56427604871448, 98.44384303112314, 98.24086603518268, 96.88768606224627, 97.22598105548037, 98.57916102841678, 99.25575101488498, 99.25575101488498, 96.41407307171853, 99.25575101488498, 99.25575101488498, 99.3234100135318, 99.59404600811908, 99.12043301759134, 99.12043301759134, 99.12043301759134, 99.25575101488498, 99.12043301759134, 99.39106901217862, 98.91745602165088, 99.05277401894452, 98.57916102841678, 99.39106901217862, 99.25575101488498, 99.12043301759134, 99.3234100135318, 98.84979702300406, 98.91745602165088, 99.45872801082544, 99.3234100135318, 99.12043301759134, 99.12043301759134, 99.45872801082544, 99.12043301759134, 99.25575101488498, 99.12043301759134, 98.91745602165088]
train_loss: [1.2225211786031722, 0.9621999859809875, 0.8423498593568802, 0.7639754387140274, 0.6826703674197196, 0.6224889690279961, 0.5854329516887665, 0.534148510158062, 0.5162156767249108, 0.5036225719451904, 0.47287298864126204, 0.4729000707268715, 0.4574555792808533, 0.4568491265773773, 0.4454712543487549, 0.4328948363661766, 0.4565441003441811, 0.4318413311243057, 0.41178398549556733, 0.43502495723962786, 0.411135781288147, 0.40735307574272156, 0.4086926681697369, 0.4003121345639229, 0.39763307470083237, 0.40000275149941444, 0.4000595031380653, 0.3940483966469765, 0.3936350290775299, 0.39060674849152566, 0.3840093477368355, 0.38514094370603563, 0.37687280181050303, 0.3796726153194904, 0.37414289531111716, 0.36956454554200174, 0.3629549483656883, 0.38397313526272775, 0.3734630208015442, 0.36164152386784554, 0.3706893299221993, 0.36923060435056687, 0.3644015027284622, 0.3608858281373978, 0.36395308110117913, 0.3669127659201622, 0.36442313930392267, 0.36464929148554803, 0.3485141009688377, 0.36219868904352187]
val_loss: [0.7384641991577872, 0.5277794774152913, 0.5149468375881566, 0.48724922368426443, 0.510222203233084, 0.373489743136424, 0.38202701447498816, 0.3882578718242852, 0.28940893754020275, 0.26201410323421753, 0.3281379593725295, 0.2893381474668183, 0.2023786907670301, 0.20715402480068645, 0.2114380689410944, 0.19447601735793527, 0.23078910308777884, 0.1967243815851631, 0.1936866989477723, 0.1437525060405912, 0.14209880719165519, 0.21065481287378096, 0.13412749922565903, 0.13404269516468048, 0.15218583614400338, 0.08007573326784961, 0.10966929992980982, 0.1446611826208512, 0.1257265834931753, 0.12418311590351497, 0.13925669421927048, 0.11064365335786779, 0.1005409243384298, 0.11387709937536022, 0.1285932208934398, 0.10853354083386745, 0.097990471915076, 0.12663019480781076, 0.10709939275002447, 0.10805882277604853, 0.11703478307015841, 0.09623252723935653, 0.10123825393849038, 0.10171180656015953, 0.09820442192044729, 0.08297379828576144, 0.11285059189320579, 0.09132714705675316, 0.09611007515769528, 0.0905938399438929]
