train_acc: [52.55, 71.8, 77.6, 81.75, 86.85, 89.85, 93.05, 93.9, 94.0, 94.65, 96.3, 96.15, 96.45, 96.5, 96.8, 97.55, 96.6, 97.35, 96.8, 97.55, 97.35, 97.45, 97.6, 97.65, 97.65, 97.85, 97.05, 97.8, 98.3, 97.6, 96.95, 97.6, 98.25, 98.1, 98.45, 98.05, 98.1, 98.1, 98.6, 98.2, 98.25, 98.5, 98.0, 97.75, 98.7, 98.55, 98.5, 98.25, 98.6, 98.85]
val_acc: [90.5277401894452, 73.20703653585927, 72.936400541272, 75.57510148849796, 77.13125845737483, 77.13125845737483, 79.97293640054127, 84.7767253044655, 94.18132611637348, 79.09336941813261, 79.83761840324763, 95.60216508795669, 86.73883626522327, 98.57916102841678, 95.39918809201623, 94.9255751014885, 92.28687415426252, 98.51150202976996, 97.9702300405954, 91.33964817320704, 98.51150202976996, 95.94046008119079, 98.91745602165088, 98.57916102841678, 99.25575101488498, 99.18809201623816, 98.91745602165088, 99.05277401894452, 99.39106901217862, 99.3234100135318, 99.39106901217862, 99.05277401894452, 98.91745602165088, 99.25575101488498, 99.18809201623816, 99.6617050067659, 99.45872801082544, 99.3234100135318, 99.39106901217862, 99.25575101488498, 99.3234100135318, 99.45872801082544, 98.51150202976996, 99.45872801082544, 98.57916102841678, 99.3234100135318, 98.84979702300406, 99.52638700947226, 98.78213802435724, 99.18809201623816]
train_loss: [0.9875726288557053, 0.7318117778897285, 0.6584620532989502, 0.6037231054902077, 0.511249821960926, 0.4617296000123024, 0.407707181930542, 0.37340174916386604, 0.35969342693686485, 0.3422575405836105, 0.2985399315059185, 0.2950945599675179, 0.29225083991885187, 0.28469296444952485, 0.2652395428866148, 0.2534189227372408, 0.25904852436482906, 0.2486682129651308, 0.258990959122777, 0.241092609629035, 0.2344323610961437, 0.2291571478843689, 0.23074358113110066, 0.221462962731719, 0.22930910544097424, 0.2182045554071665, 0.2290654086768627, 0.2171342026889324, 0.20732800947129726, 0.2131770780235529, 0.2396442622244358, 0.21824996075034142, 0.20216953432559967, 0.20456841653585434, 0.19461349503695966, 0.21187497407197953, 0.19917787897586822, 0.19860834582149983, 0.19318072514235973, 0.2025280179977417, 0.20414851285517216, 0.19564249213039875, 0.19451155726611613, 0.21091734506189824, 0.18786027155816554, 0.18842503874003888, 0.189766077876091, 0.19479282557964325, 0.19298644256591796, 0.18199406968057155]
val_loss: [0.5397681637852376, 0.4826813398662536, 0.4123523700503438, 0.40732012374555954, 0.4093801162844582, 0.38565150643314494, 0.3310055232963478, 0.297265448008887, 0.23020809154871835, 0.41934659437897726, 0.3632344914869946, 0.2328461389459357, 0.26320889207039216, 0.1645878410730536, 0.22360835824267628, 0.21230659167079383, 0.22479556727756184, 0.16372681667219158, 0.15908726378367943, 0.2165899140324257, 0.15348924460527216, 0.17625474183743314, 0.14272844667404044, 0.12350320175834534, 0.12467210926367563, 0.1134306023424146, 0.12822448806043246, 0.11684776651036594, 0.08737105403362656, 0.11012873491108498, 0.07760493832366876, 0.08837088087576168, 0.13451721300452907, 0.09852344197938182, 0.12575157194402126, 0.09621560237848065, 0.0838913905947231, 0.10740053841241803, 0.09046893395453248, 0.08366915616881057, 0.09474812296795103, 0.10159839161436032, 0.10216769576072693, 0.10329994349582915, 0.10037053859362906, 0.08833535637640985, 0.10256012101658948, 0.09696085239900465, 0.09237000086068785, 0.09520819407657131]
