train_acc: [63.75, 76.5, 79.1, 84.95, 86.2, 90.85, 90.85, 93.6, 92.85, 94.35, 94.65, 95.65, 95.2, 94.9, 95.45, 95.0, 95.4, 96.05, 96.35, 95.95, 96.35, 96.8, 96.95, 96.7, 96.6, 96.85, 96.55, 97.15, 96.45, 97.25, 96.15, 97.75, 97.15, 97.4, 97.0, 97.25, 96.65, 96.9, 97.2, 97.65, 97.25, 96.95, 97.35, 98.25, 96.85, 97.05, 97.65, 97.25, 97.7, 97.8]
val_acc: [69.89174560216509, 70.70365358592693, 76.31935047361299, 85.65629228687415, 84.97970230040596, 90.32476319350474, 89.1745602165088, 98.10554803788904, 97.22598105548037, 86.80649526387009, 98.57916102841678, 98.51150202976996, 98.78213802435724, 98.03788903924222, 98.78213802435724, 98.3085250338295, 97.49661705006766, 98.9851150202977, 98.17320703653586, 98.91745602165088, 98.37618403247632, 98.57916102841678, 98.9851150202977, 99.18809201623816, 98.71447902571042, 98.03788903924222, 98.78213802435724, 99.05277401894452, 99.05277401894452, 99.39106901217862, 98.84979702300406, 99.18809201623816, 98.44384303112314, 99.18809201623816, 98.78213802435724, 99.3234100135318, 99.05277401894452, 99.12043301759134, 99.3234100135318, 92.5575101488498, 99.39106901217862, 99.18809201623816, 99.25575101488498, 99.39106901217862, 99.12043301759134, 99.05277401894452, 99.18809201623816, 99.18809201623816, 99.45872801082544, 99.18809201623816]
train_loss: [1.1551954995393754, 0.8571924398541451, 0.7917429278492928, nan, nan, nan, nan, nan, nan, nan, nan, nan, nan, nan, nan, nan, nan, nan, nan, nan, nan, nan, nan, nan, nan, nan, nan, nan, nan, nan, nan, nan, nan, nan, nan, nan, nan, nan, nan, nan, nan, nan, nan, nan, nan, nan, nan, nan, nan, nan]
val_loss: [0.7610952297631394, 0.5315427401069053, 0.42937529329034085, 0.3640231245344805, 0.35819039783151935, 0.2683734932311978, 0.27571686102185744, 0.16207867179252458, 0.1706326338935124, 0.3061288184157405, 0.11830645824841782, 0.1332586066033666, 0.12654746033463007, 0.13708093597053353, 0.11050412937978608, 0.13108296071321618, 0.1674161557516484, 0.10815630538618452, 0.13836637899501397, 0.0947509111889483, 0.11686751322067154, 0.121709480014641, 0.073722169246822, 0.07431926730521154, 0.09945055161866187, 0.11578417771038409, 0.10840745132129151, 0.09276931307433584, 0.0920550828303068, 0.07619128665598222, 0.10693993047635916, 0.0782174238675502, 0.10285905360449635, 0.07561322729102007, 0.09535657109362508, 0.08311293115877169, 0.09546062101248314, 0.09386174300123455, 0.08162715575873287, 0.20271260466764357, 0.066541508505567, 0.0821649868832712, 0.08262617267537181, 0.08241602295508081, 0.07547842101754774, 0.09414272565339189, 0.0727391779442924, 0.08767933516444308, 0.06647823154119742, 0.08170434829548344]
