train_acc: [64.9, 76.5, 78.625, 81.625, 85.875, 89.625, 90.975, 91.775, 92.55, 93.675, 94.35, 95.55, 95.65, 95.4, 96.1, 96.625, 96.475, 96.175, 96.775, 97.025, 96.375, 96.825, 96.925, 97.1, 97.225, 98.025, 97.225, 97.375, 97.275, 97.825, 98.025, 97.575, 97.625, 98.05, 97.975, 97.825, 98.375, 97.95, 97.175, 98.325, 98.275, 98.475, 98.35, 98.2, 98.35, 97.9, 98.55, 98.3, 98.575, 98.375]
val_acc: [69.14749661705007, 67.11772665764546, 66.44113667117726, 70.90663058186739, 73.34235453315291, 72.05683355886333, 72.12449255492916, 75.30446549132971, 74.01894451962112, 74.9661705006766, 74.76319349441219, 76.45466847090663, 75.57510148849796, 76.52232746955345, 74.35723951285522, 75.98105548037888, 78.07848443843031, 79.76995938395292, 80.17591337583384, 79.43166439071882, 94.58728009793046, 92.69282812549555, 91.94857916102842, 92.89580512143601, 93.36941811196375, 94.79025708354698, 94.58728009793046, 92.48985112955509, 87.21244924542707, 94.04600809843195, 84.03247629870259, 82.20568333523845, 79.49932338936564, 77.74018942454832, 82.00270633929799, 79.364005392072, 72.86874152197728, 78.07848441778242, 73.34235452282897, 76.18403247631935, 73.68064952638701, 77.13125844705088, 75.64276048714478, 76.11637347767252, 74.9661705006766, 73.07171853856563, 74.76319350473614, 76.86062246278755, 75.3721244925575, 76.86062246278755]
train_loss: [1.0891832134127617, 0.8345875169634819, 0.8111502524614335, 0.7208719730973244, 0.6865797776579857, 0.5845347891747952, 0.5903453457057476, 0.5390712268948555, 0.5301190987229347, 0.49790762361884117, 0.508904528811574, 0.44056402656435967, 0.4399985558092594, 0.4524132684916258, 0.4163984151184559, 0.4409062260240316, 0.4265894242376089, 0.43341148111224176, 0.4224612407833338, 0.4009166213572025, 0.4032629381716251, 0.39069801539182664, 0.3694094628542662, 0.4027702013552189, 0.37888529780507085, 0.3535938266813755, 0.37475497302412986, 0.38472965692728756, 0.38018908973038196, 0.3629485903829336, 0.3642761142253876, 0.3814648154601455, 0.3699585935920477, 0.36726761458069085, 0.3575301724597812, 0.35851497867703436, 0.3470388967767358, 0.3387228982746601, 0.34675436733663084, 0.3528148965388537, 0.34764890194684267, 0.34489365477859973, 0.32958344401419165, 0.3476571198925376, 0.33596026012301444, 0.33076835971325635, 0.32476291330158713, 0.35262830049544575, 0.3220491225272417, 0.3698208207190037]
val_loss: [0.6295757296927404, 0.582126424180316, 0.5697182967391807, 0.47374343785365314, 0.44503976672847473, 0.49501585258682623, 0.5211311829590184, 0.4737456385777187, 0.6679710956121491, 0.4999413795577657, 0.5207143411322601, 0.5207329938674651, 0.6238590809182644, 0.5282437047531705, 0.8247723954355443, 0.7985908619565474, 0.6811619265778784, 0.43888655525704034, 0.47592185859105907, 0.45708701479297853, 0.19319323336400585, 0.24740941037142875, 0.24776399971385446, 0.21921724203031343, 0.21297028980372884, 0.17361451095632996, 0.18071712676501242, 0.22122117205546898, 0.36324248033423223, 0.1898258224845497, 0.4876733380338336, 0.5294108712574384, 0.5397442631191588, 0.5889617973164792, 0.4782936912287072, 0.6644747044805422, 0.8986320661453981, 0.6869383904079784, 0.9008792520970792, 0.9162827181920954, 1.0432624318139156, 0.780301286197483, 0.8757274610032006, 0.8553900263588547, 0.9621994001879098, 0.9378054804888243, 0.8161034163374943, 0.6757062550064514, 0.7438879636329307, 0.7033877297026057]
