train_acc: [56.95, 79.9, 88.875, 93.375, 95.025, 96.2, 96.525, 97.05, 98.025, 97.775, 98.025, 98.125, 98.0, 98.525, 98.575, 98.775, 98.675, 98.725, 98.725, 99.05, 98.5, 98.85, 98.75, 99.225, 98.9, 98.925, 99.05, 99.1, 99.1, 99.35, 99.075, 99.025, 99.525, 99.5, 99.2, 99.35, 99.325, 99.475, 99.275, 99.3, 99.375, 99.475, 99.5, 99.25, 99.55, 99.4, 99.525, 99.5, 99.475, 99.625]
val_acc: [74.96617049809561, 74.35723951027423, 79.43166440620475, 85.11502029769959, 80.78484438430311, 86.87415424186902, 83.8971583117329, 88.56562921836347, 83.62652231714561, 80.78484437397917, 92.76048714479026, 81.86738835232829, 85.04736128872884, 93.09878211737647, 92.08389713767417, 85.79161027384384, 91.001353169649, 85.04736128872884, 95.94046008119079, 94.2489851150203, 92.01623813902735, 81.79972935368147, 96.00811907983761, 94.79025710419486, 95.33152909336941, 88.70094720533316, 82.47631935047362, 95.19621109607577, 94.72259810554804, 92.01623813902735, 91.2043301759134, 90.25710419485792, 92.28687415426252, 92.35453315290934, 91.47496617050068, 91.00135317997294, 88.97158322056833, 87.75372122427768, 91.61028416779432, 86.26522325404764, 91.47496617050068, 94.85791610284168, 92.96346414073072, 90.46008119079838, 90.73071718538566, 91.06901217861976, 84.23545329464305, 90.32476317285685, 92.15155615696888, 91.5426251691475]
train_loss: [1.00606866645813, 0.7042748637199402, 0.5426775943040848, 0.44045329105854036, 0.3824427691102028, 0.33643179772794246, 0.3211264537870884, 0.29650766737014056, 0.26530468356609344, 0.2594130133762956, 0.24787600044161082, 0.2380260535106063, 0.23068090787529946, 0.2290201901420951, 0.22702253944426776, 0.21749127234518528, 0.20539045168459416, 0.2060092532262206, 0.20535093205422164, 0.20008095283806324, 0.19777275858074428, 0.1930753815025091, 0.19258474428206682, 0.17104533885419368, 0.18844321259111166, 0.18405881813913583, 0.17709978637099266, 0.17889317163079976, 0.1765518815293908, 0.1721142702884972, 0.17107859092205763, 0.17148863720148802, 0.15766202279180289, 0.16199092803150417, 0.1597635550312698, 0.1594959311261773, 0.16484102111682294, 0.15917839146405457, 0.16320822402089835, 0.15878815738111735, 0.15682107703387738, 0.16023753030598165, 0.15283348963782192, 0.15914303240180017, 0.15720449018478394, 0.15061192305013538, 0.15137228570878505, 0.1563956807628274, 0.15325283891707658, 0.1407566389143467]
val_loss: [0.7615865899680916, 0.547473728576113, 0.46106562820919794, 0.39454781525189886, 0.40537472587477047, 0.35922551868894265, 0.3701235296882699, 0.3241426135149957, 0.3776193074629981, 0.38424377276465116, 0.2518095392053279, 0.3596027178717563, 0.33859031005221873, 0.23489845631813003, 0.25450202440578334, 0.323240723334888, 0.2575107660845265, 0.343235977679612, 0.1813521542874983, 0.20674139785508502, 0.23326668957896096, 0.43926149883959065, 0.17924983935564232, 0.19468017018252684, 0.18086120102136158, 0.2945824495349105, 0.4255154487526949, 0.1977329457302216, 0.19636466355139895, 0.2401779794886567, 0.25709474049458164, 0.25571147439162045, 0.2271634035004008, 0.22540261838408704, 0.25033817340459813, 0.253621730938332, 0.2778493249751073, 0.2899140764799105, 0.22372896406744103, 0.3137776072014814, 0.23273438836305488, 0.19123094879766278, 0.21209380448025844, 0.2590149779966623, 0.25231157926809805, 0.2628026099747024, 0.3804818138641498, 0.2503392088235796, 0.22928562611139838, 0.24028978902085385]
