train_acc: [57.4, 72.6, 73.85, 75.7, 79.45, 83.3, 85.05, 88.4, 90.2, 91.95, 91.4, 93.3, 94.15, 95.05, 95.75, 96.3, 95.15, 96.1, 96.0, 96.9, 97.1, 96.95, 95.75, 96.65, 96.75, 97.3, 96.65, 96.7, 97.35, 97.6, 97.4, 98.0, 97.6, 97.95, 97.65, 98.05, 97.5, 97.85, 97.6, 98.05, 98.05, 98.15, 98.5, 98.35, 97.65, 97.95, 98.1, 98.25, 98.05, 98.0]
val_acc: [71.38024357239513, 71.10960757780785, 71.85385656292287, 73.34235453315291, 79.49932341001353, 74.56021650879568, 89.37753721244925, 90.1894451962111, 92.42219215155616, 89.37753721244925, 87.34776725304465, 95.94046008119079, 97.02300405953991, 97.15832205683355, 97.56427604871448, 97.09066305818673, 96.9553450608931, 97.09066305818673, 97.22598105548037, 97.15832205683355, 97.15832205683355, 97.6319350473613, 98.6468200270636, 99.05277401894452, 97.36129905277402, 97.69959404600812, 96.2787550744249, 97.36129905277402, 97.83491204330176, 96.68470906630581, 99.12043301759134, 96.82002706359945, 98.24086603518268, 98.9851150202977, 97.83491204330176, 98.10554803788904, 97.15832205683355, 98.03788903924222, 97.83491204330176, 97.69959404600812, 98.71447902571042, 98.44384303112314, 97.49661705006766, 98.10554803788904, 97.6319350473613, 98.10554803788904, 97.83491204330176, 98.3085250338295, 98.84979702300406, 97.42895805142084]
train_loss: [1.195460849761963, 0.9539276154637337, 0.8739468643665314, 0.836523110628128, 0.8179534357190132, 0.7646701053082943, nan, nan, nan, nan, nan, nan, nan, nan, nan, nan, nan, nan, nan, nan, nan, nan, nan, nan, nan, nan, nan, nan, nan, nan, nan, nan, nan, nan, nan, nan, nan, nan, nan, nan, nan, nan, nan, nan, nan, nan, nan, nan, nan, nan]
val_loss: [0.6636249644023963, 0.5204889702942116, 0.47186287009586986, 0.4062497194790872, 0.4137415632061126, 0.4156227331200214, 0.36416076855665935, 0.3088650915050861, 0.3264028654913941, 0.29309236203825684, 0.31016099198906605, 0.2259329132463516, 0.19902960863342467, 0.18167455959182954, 0.19631370991791053, 0.16531087657252733, 0.1807755597429766, 0.17640237211777812, 0.16267111278435212, 0.18193249680172446, 0.1638290155048864, 0.1497366058971627, 0.14507521369339488, 0.13173506255683784, 0.17041034981890685, 0.15273163057813302, 0.18260046765107424, 0.17490061476866994, 0.13813862531711832, 0.1605268880291382, 0.10207734487860064, 0.15296661861351765, 0.11610407414512157, 0.11101731962457562, 0.12941587611992564, 0.11797626709744476, 0.14005559299226866, 0.12676402105772125, 0.12917085830752356, 0.1260085086185732, 0.10068254841237011, 0.10252193405881464, 0.1230954563545116, 0.11499152381946011, 0.13597833067279547, 0.12006293819947558, 0.11385898005736536, 0.10654728501248747, 0.09434804020900688, 0.12921905008438314]
