train_acc: [46.35, 68.35, 73.25, 74.6, 77.8, 76.15, 79.65, 79.2, 82.1, 82.4, 83.4, 83.85, 86.1, 86.35, 86.9, 89.95, 91.4, 91.2, 91.65, 91.75, 92.4, 92.9, 93.45, 94.1, 93.95, 94.6, 93.85, 94.8, 95.35, 95.55, 95.7, 95.55, 96.35, 95.95, 96.5, 96.2, 95.7, 96.85, 95.85, 96.65, 96.95, 96.9, 96.65, 96.35, 97.35, 96.8, 97.25, 97.1, 97.9, 97.05]
val_acc: [53.382949932341, 73.07171853856563, 87.41542625169147, 86.19756427604871, 86.80649526387009, 72.86874154262517, 73.74830852503383, 90.73071718538566, 91.47496617050068, 80.98782138024357, 92.8958051420839, 90.39242219215156, 91.33964817320704, 89.03924221921515, 84.4384303112314, 93.03112313937754, 92.82814614343708, 93.43707713125846, 90.93369418132612, 92.28687415426252, 96.07577807848443, 91.94857916102842, 94.72259810554804, 92.08389715832206, 90.12178619756428, 91.47496617050068, 93.9106901217862, 95.39918809201623, 96.68470906630581, 96.68470906630581, 94.51962110960758, 95.94046008119079, 97.69959404600812, 95.26387009472259, 98.24086603518268, 96.88768606224627, 98.3085250338295, 98.57916102841678, 98.37618403247632, 98.3085250338295, 97.09066305818673, 96.34641407307171, 98.84979702300406, 96.9553450608931, 98.57916102841678, 98.71447902571042, 97.22598105548037, 98.84979702300406, 97.2936400541272, 97.83491204330176]
train_loss: [1.0765257014036178, 0.8718025842905045, 0.7470487374663353, 0.6941314835548401, 0.6396896705627442, 0.6456995082497596, 0.5989794679880143, 0.6025003095567226, 0.5681126060783863, 0.5532966054975986, 0.5521020855605602, 0.5344447853863239, 0.5245839462578297, 0.5042565515339374, 0.5161233880519867, 0.4755429659485817, 0.4515020142197609, nan, 0.4392572554945946, 0.4219030640125275, 0.4155444678366184, 0.394666839659214, nan, nan, 0.3731878909766674, nan, nan, nan, nan, nan, nan, nan, nan, nan, nan, nan, nan, nan, nan, nan, nan, nan, nan, nan, nan, nan, nan, nan, nan, nan]
val_loss: [1.0047489422422624, 0.6470620547483029, 0.5899636452269006, 0.5188209958303927, 0.4620285071281361, 0.463397585067278, 0.44720745594801536, 0.41610062440935425, 0.4091858445226904, 0.4367096371071587, 0.38818517861653407, 0.38321395875717207, 0.38615780391293064, 0.38282705698268177, 0.389866266384499, 0.34511080063647603, 0.3155835859870717, 0.31881908090414635, 0.3710936994086422, 0.3602390097749088, 0.26959145460303, 0.32918062227424005, 0.27927097928217526, 0.33181068823447246, 0.3426788077464123, 0.3100319935439888, 0.2562577254132586, 0.23602768335194, 0.20421372823850711, 0.2117657322885219, 0.23092077017153068, 0.22299804882283786, 0.22471277294768693, 0.23480776065257308, 0.2068103291144713, 0.21236259095038065, 0.21441091000227225, 0.21008598441522724, 0.20769691130547144, 0.19477044922048894, 0.20791813098045422, 0.219103075836121, 0.19153139376269304, 0.21785085074633803, 0.1641772869112366, 0.16917529377546942, 0.1969085107778019, 0.19740043070384067, 0.18902754470080904, 0.1845479945933222]
