train_acc: [54.45, 73.25, 77.6, 84.6, 88.05, 91.65, 92.15, 92.5, 94.25, 94.95, 94.7, 96.65, 95.75, 97.1, 96.5, 96.85, 97.2, 97.85, 97.7, 96.9, 97.6, 96.85, 97.3, 97.65, 97.5, 97.75, 97.05, 97.85, 98.1, 98.25, 98.2, 97.85, 97.9, 98.5, 98.05, 97.95, 98.15, 98.35, 97.65, 97.45, 98.2, 98.1, 98.65, 98.0, 98.45, 98.15, 98.75, 98.4, 98.7, 98.8]
val_acc: [88.76860622462787, 76.58998646820027, 73.41001353179973, 76.31935047361299, 77.94316644113667, 82.94993234100136, 79.22868741542625, 81.59675236806495, 81.93504736129906, 95.73748308525033, 94.72259810554804, 98.3085250338295, 99.25575101488498, 97.9702300405954, 98.6468200270636, 98.91745602165088, 99.12043301759134, 96.617050067659, 98.9851150202977, 99.05277401894452, 97.90257104194858, 98.57916102841678, 98.44384303112314, 98.6468200270636, 96.75236806495263, 98.03788903924222, 98.71447902571042, 96.54939106901217, 98.71447902571042, 98.24086603518268, 98.10554803788904, 98.6468200270636, 98.57916102841678, 98.37618403247632, 98.84979702300406, 98.3085250338295, 98.6468200270636, 98.51150202976996, 99.3234100135318, 98.6468200270636, 98.44384303112314, 99.12043301759134, 99.3234100135318, 99.05277401894452, 99.18809201623816, 99.05277401894452, 98.6468200270636, 98.91745602165088, 99.12043301759134, 98.84979702300406]
train_loss: [1.204441234588623, 0.897256158709526, 0.8506327260732651, 0.7651130926012993, nan, nan, nan, nan, nan, nan, nan, nan, nan, nan, nan, nan, nan, nan, nan, nan, nan, nan, nan, nan, nan, nan, nan, nan, nan, nan, nan, nan, nan, nan, nan, nan, nan, nan, nan, nan, nan, nan, nan, nan, nan, nan, nan, nan, nan, nan]
val_loss: [0.6011403091705539, 0.4878147849372017, 0.47008406660230945, 0.3952114044894062, 0.38625281077276546, 0.2924504525788098, 0.34833530254954415, 0.28502346191136857, 0.2660403592116294, 0.22004508648536525, 0.18654164180905636, 0.14850605431445074, 0.11148538710158797, 0.1540640391943742, 0.13686206079868243, 0.1236548715237029, 0.10430570566807451, 0.15186648413599424, 0.10142226934594295, 0.10821308493009278, 0.13456820705162012, 0.1064204464745941, 0.12304219036931437, 0.0964065806257144, 0.14531765205732702, 0.1113774236720131, 0.10119693663288841, 0.1438248676672598, 0.09614918046254105, 0.10138682027993892, 0.10041332979345031, 0.0877881974123005, 0.09422989846969651, 0.08638436260037073, 0.09610607280460198, 0.10111940567443432, 0.08606313719478448, 0.08392893755367387, 0.07029374672228493, 0.0797596266833468, 0.084009619437269, 0.07330667135256554, 0.07902525560942973, 0.07714581530899092, 0.07725830498140139, 0.0746242029741104, 0.08173611907336321, 0.0699817353509195, 0.069376719435009, 0.07607843891713713]
