train_acc: [62.525, 79.25, 87.425, 92.25, 94.775, 95.55, 95.875, 97.125, 96.825, 97.875, 98.05, 97.5, 97.975, 98.575, 97.925, 98.525, 98.3, 98.475, 98.75, 98.425, 98.475, 98.65, 99.05, 98.925, 99.025, 99.125, 99.075, 99.275, 99.35, 99.2, 98.775, 99.15, 99.275, 99.175, 99.275, 99.4, 99.225, 99.1, 99.35, 99.475, 98.85, 99.475, 99.5, 99.3, 99.525, 99.375, 99.375, 99.525, 99.55, 99.275]
val_acc: [71.38024357239513, 72.05683355886333, 76.18403247373837, 76.52232746955345, 77.80784844384303, 78.68741542625169, 77.80784844384303, 79.70230040595399, 81.19079837618403, 82.40866034150285, 78.89039242219215, 90.8660351826793, 85.18267928602248, 79.70230039563005, 78.68741542625169, 77.13125845737483, 78.14614343707713, 78.55209742895805, 77.40189445196211, 76.0487144790257, 77.74018944519621, 75.64276048714478, 77.87550744248985, 76.65764546684709, 76.0487144790257, 76.92828146143437, 76.31935047361299, 76.18403247631935, 76.92828146143437, 74.15426251691476, 74.2895805142084, 74.35723951285522, 76.79296346414073, 74.83085250338296, 72.73342354533153, 74.89851150202978, 75.0338294993234, 77.33423545331529, 73.34235453315291, 72.86874154262517, 75.64276048714478, 75.7104194857916, 73.6129905277402, 75.43978349120432, 76.45466847090663, 75.57510148849796, 76.0487144790257, 75.3721244925575, 81.0554803788904, 75.7104194857916]
train_loss: [0.9880091024637222, 0.7035150496959687, 0.5548650393784046, 0.4229218274056911, 0.358704180598259, 0.3194783754199743, 0.3022071870565414, 0.27360703463852404, 0.26234042464196683, 0.2430873680189252, 0.24291972875595091, 0.2362173611521721, 0.22191438642144204, 0.2069669860713184, 0.21891996629163624, 0.20353858266770838, 0.20090154619142414, 0.19519702219590546, 0.19116448894143104, 0.1906792589277029, 0.19166825214400887, 0.18659973169863225, 0.17716370737925172, 0.17891743101924656, 0.17071445781737565, 0.17116282115504144, 0.16509645145386456, 0.1622951880171895, 0.16704847221449018, 0.1581999826170504, 0.1741461459621787, 0.1663492647744715, 0.16073863969370722, 0.16762974759191274, 0.15968298834189773, 0.16135513762012124, 0.15115883589535953, 0.15831921629980206, 0.15970806799456477, 0.15401147160679102, 0.16066592783853412, 0.14928862833231688, 0.15080148969963192, 0.14683976290002465, 0.14678241377323867, 0.1489457211047411, 0.14881548126786948, 0.14814540442824364, 0.142568447034806, 0.1474291199631989]
val_loss: [0.7259130006875334, 0.5754134842120262, 0.5403516111096446, 0.5853211586949628, 0.5751744356303802, 0.5340920245131233, 0.5480931907367964, 0.5217338469539831, 0.4267830433518057, 0.4114171248408229, 0.5726646196213079, 0.2695591809664108, 0.36696580360884273, 0.5211423512684314, 0.6691611268442925, 0.6905259341404789, 0.5959317982398448, 0.6011943438459636, 0.8045400183279879, 0.7947305895398208, 0.7163916391412525, 0.8407443956911805, 0.7230798516508207, 0.774713459110873, 0.854658713642412, 0.8481131904180059, 0.8277205964789823, 0.8271800160952447, 0.7268929124604381, 0.7968254246331842, 0.794832450046591, 0.9348829791897527, 0.7431253217392587, 0.8539407620249324, 0.843743244279302, 0.7749692562549136, 0.7853049001125909, 0.8071220630580743, 0.8912566493647186, 0.796709784322969, 0.7986098201151468, 0.6509355637112554, 0.9548312424403567, 0.8546047794238156, 0.8574003832810464, 0.7331710790002943, 0.7645292590814611, 0.6950076058385982, 0.4937607182419187, 0.7447653634319932]
