train_acc: [55.4, 72.05, 74.15, 80.8, 86.05, 88.6, 90.05, 92.25, 93.0, 93.7, 94.85, 95.1, 95.65, 94.85, 95.95, 95.85, 96.8, 96.0, 95.9, 96.3, 96.1, 96.15, 96.65, 95.85, 96.35, 97.05, 97.4, 97.5, 96.8, 97.3, 96.8, 97.65, 96.6, 97.25, 97.25, 97.55, 97.9, 97.4, 97.1, 97.6, 97.7, 97.45, 97.8, 97.8, 97.95, 97.55, 97.4, 97.95, 97.45, 98.35]
val_acc: [71.31258457374831, 72.46278755074425, 73.34235453315291, 74.08660351826794, 91.2043301759134, 82.00270635994588, 85.85926928281461, 81.3937753721245, 82.27334235453316, 86.12990527740189, 85.85926928281461, 96.82002706359945, 98.71447902571042, 98.9851150202977, 99.45872801082544, 99.12043301759134, 99.18809201623816, 98.91745602165088, 99.05277401894452, 98.3085250338295, 98.9851150202977, 98.84979702300406, 98.9851150202977, 98.51150202976996, 98.9851150202977, 99.05277401894452, 99.18809201623816, 99.18809201623816, 99.3234100135318, 99.18809201623816, 99.12043301759134, 98.51150202976996, 99.39106901217862, 99.12043301759134, 98.37618403247632, 98.91745602165088, 99.18809201623816, 98.91745602165088, 99.25575101488498, 98.78213802435724, 99.18809201623816, 99.39106901217862, 99.12043301759134, 99.45872801082544, 98.9851150202977, 99.3234100135318, 99.39106901217862, 99.3234100135318, 98.9851150202977, 99.25575101488498]
train_loss: [1.0107971522808075, 0.744086677134037, 0.649328095316887, 0.5828838210403919, 0.5004494339823723, 0.4545248712003231, nan, nan, nan, nan, nan, nan, nan, nan, nan, nan, nan, nan, nan, nan, nan, nan, nan, nan, nan, nan, nan, nan, nan, nan, nan, nan, nan, nan, nan, nan, nan, nan, nan, nan, nan, nan, nan, nan, nan, nan, nan, nan, nan, nan]
val_loss: [0.7224902258190316, 0.5062983142103652, 0.4532750760266842, 0.45262951011667396, 0.308964180910055, 0.3497261536762582, 0.31090085923228117, 0.38067182083897727, 0.37283439214400577, 0.258201772833548, 0.28579930578016943, 0.2187520277778415, 0.1386264157008899, 0.11964285494671462, 0.10373144500028135, 0.1143499410967059, 0.1022994403244678, 0.10733973260096832, 0.09548317625896857, 0.12876679111115827, 0.08549434879192319, 0.09451944739916973, 0.08752737720578868, 0.10565415076175465, 0.08977661297955274, 0.08380099298263596, 0.08297955222599239, 0.07570072047724936, 0.06826631919920687, 0.0849072756560794, 0.07717081323689472, 0.10024936153920158, 0.06551897202660008, 0.06747519621607899, 0.09308641510782448, 0.0827740001944631, 0.07074064832478157, 0.08383835505830257, 0.07649366886270546, 0.08628801097123, 0.06768051758711005, 0.07528370371811767, 0.06887957315100546, 0.05931945809532405, 0.08345179939302282, 0.07331655847969816, 0.0733407520876847, 0.06533832182661606, 0.06678098437145695, 0.07494210862429845]
