train_acc: [58.325, 78.5, 84.05, 88.6, 92.4, 94.25, 95.2, 96.325, 96.775, 96.85, 97.425, 97.875, 98.175, 98.5, 98.2, 98.175, 98.9, 98.525, 98.475, 98.9, 98.75, 99.1, 98.85, 98.975, 99.175, 99.075, 99.3, 99.1, 99.325, 99.325, 98.8, 99.4, 99.125, 99.525, 99.5, 99.5, 99.325, 99.25, 99.55, 99.65, 99.45, 99.425, 99.6, 99.375, 99.55, 99.525, 99.625, 99.6, 99.425, 99.65]
val_acc: [73.07171853856563, 72.73342354533153, 76.99594046008119, 79.16102841161747, 80.37889038726021, 82.27334235453316, 81.7320703653586, 82.61163734776726, 84.84438428246443, 86.46820026031205, 83.28822733423546, 80.17591339648173, 82.20568335588634, 79.16102841677943, 82.94993232035347, 81.32611636315373, 83.8971583117329, 80.58186738836265, 80.04059539918809, 80.78484438430311, 80.24357239512855, 80.92016238159675, 79.43166441136671, 79.90527740189445, 83.35588633288228, 85.11502028737566, 80.51420838971583, 79.97293640054127, 80.37889039242219, 79.29634641407307, 80.31123139377537, 79.63464140730717, 79.29634641407307, 81.93504735097511, 80.44654939106901, 79.97293640054127, 81.25845736450691, 79.56698240866035, 79.22868741542625, 78.89039242219215, 79.36400541271989, 78.75507442489851, 79.09336941813261, 78.89039242219215, 79.16102841677943, 79.16102841677943, 79.29634641407307, 79.76995939427687, 78.95805142083897, 78.41677943166441]
train_loss: [0.9084259365797043, 0.5830891897678375, 0.48008176493644716, 0.4084746429622173, 0.3353030590415001, 0.300185146600008, 0.26058951731026175, 0.24162723326683044, 0.21406547650694846, 0.2017198403775692, 0.19821831101179124, 0.18025328452140094, 0.16297769948095084, 0.1503635385259986, 0.1503715924322605, 0.1553361745774746, 0.1348794779032469, 0.14181465332955123, 0.14409051032364367, 0.1268583187609911, 0.12938720264285802, 0.11474824298173189, 0.11938780525326728, 0.12111774327978492, 0.1148220270127058, 0.11239974877983332, 0.10772468530386686, 0.1134392602071166, 0.10379422805830836, 0.10436605273932219, 0.11503634883835911, 0.09766884241253138, 0.10295314171165228, 0.09516412994265556, 0.09027773118391633, 0.09541219459846616, 0.09668150470405817, 0.09244077402353287, 0.08878710565343499, 0.08771383046731353, 0.08768859105557203, 0.08976594476029277, 0.08683138850331307, 0.08749337575212121, 0.0863385199084878, 0.0845157819762826, 0.08385049298033118, 0.08175196565315128, 0.08550994619727134, 0.08217531636729837]
val_loss: [0.6359774721168858, 0.4605470962308256, 0.415461858731968, 0.3773842657209249, 0.3585759010544004, 0.3280289868782596, 0.3442540213727822, 0.31441950791985485, 0.26916057653775555, 0.27028191825614406, 0.3092110518955894, 0.37739617800962616, 0.33896508059780717, 0.4512955017680244, 0.3040204323898794, 0.34875895068331725, 0.2990216759659844, 0.414009192396404, 0.47842649127456266, 0.40523998591549826, 0.4394374948614989, 0.44229888122564076, 0.6179959370637457, 0.514220952539023, 0.3620368880049624, 0.3025434361480892, 0.48780310341485944, 0.47918593248853986, 0.4802448437555475, 0.6351383432080523, 0.4517744581980054, 0.5331962003658686, 0.5707449417697399, 0.4246592053460494, 0.473122201870033, 0.541035155794698, 0.4549568145559831, 0.5570818153140671, 0.592230818550706, 0.6991334568522618, 0.5543900373592187, 0.6483179113559213, 0.6284378932761243, 0.5698720093902215, 0.609121445047194, 0.5929346612688653, 0.5538827721105135, 0.5152950681574613, 0.6122952913197516, 0.550729781999196]
