train_acc: [59.4, 74.7, 79.85, 84.65, 87.2, 90.2, 90.85, 93.05, 93.2, 94.95, 94.45, 95.45, 96.25, 96.95, 96.1, 97.2, 96.15, 97.0, 96.8, 96.9, 96.85, 97.8, 97.55, 97.7, 97.45, 97.85, 98.0, 97.8, 97.85, 97.6, 98.0, 98.2, 97.6, 97.9, 98.3, 98.3, 98.35, 98.6, 98.75, 98.4, 98.85, 98.55, 98.7, 98.6, 98.45, 98.5, 99.3, 99.1, 98.95, 98.85]
val_acc: [70.36535859269283, 71.04194857916103, 74.6278755074425, 74.6278755074425, 75.64276048714478, 76.52232746955345, 76.45466847090663, 77.87550744248985, 77.87550744248985, 79.09336941813261, 81.59675236806495, 81.66441136671178, 86.46820027063599, 85.04736129905277, 86.33288227334235, 86.19756427604871, 82.54397834912044, 94.9255751014885, 84.7767253044655, 82.88227334235454, 82.20568335588634, 82.47631935047362, 95.06089309878213, 88.56562922868741, 96.75236806495263, 92.28687415426252, 96.68470906630581, 88.76860622462787, 82.47631935047362, 82.88227334235454, 88.09201623815967, 92.62516914749662, 87.00947225981055, 78.95805142083897, 84.03247631935048, 91.00135317997294, 82.7469553450609, 79.70230040595399, 86.06224627875507, 83.28822733423546, 86.26522327469553, 85.85926928281461, 94.85791610284168, 90.46008119079838, 87.95669824086603, 82.94993234100136, 85.04736129905277, 90.12178619756428, 90.12178619756428, 88.29499323410013]
train_loss: [1.9534733579158783, 1.6860649752616883, 1.5875941126346589, 1.5181607251167297, 1.4552605464458466, 1.414919200181961, 1.3887627351284026, 1.3392045049667358, 1.3259344842433929, 1.2844165160655976, 1.2828054683208465, 1.2680406293869018, 1.2490584921836854, 1.229318042755127, 1.2382156171798706, 1.2161131210327147, 1.223728600025177, 1.213401620388031, 1.2103282704353333, 1.2057260570526123, 1.1936737377643585, 1.1807853505611419, 1.1839108448028564, 1.191174240589142, 1.1824187970161437, 1.1636895761489867, 1.1683204605579376, 1.1691623902320862, 1.170172618865967, 1.1741442716121673, 1.1676430521011352, 1.1623467438220978, 1.1726710605621338, 1.1722530632019044, 1.1511690559387207, 1.1438791286945342, 1.1521226279735566, 1.1489751284122467, 1.1435218515396117, 1.151288953065872, 1.1410891501903533, 1.1348744566440583, 1.1411942191123963, 1.1454802987575532, 1.1384249019622803, 1.1471291255950928, 1.1305171103477478, 1.1361596024036407, 1.1326483612060547, 1.1354430963993072]
val_loss: [0.7119884403858521, 0.581218980565284, 0.3965156072894356, 0.42622248626771575, 0.47146248908181637, 0.5298226460290213, 0.4654124461426948, 0.46590940409285775, 0.48763893619280546, 0.4767388153382664, 0.37776558453038195, 0.41229344058544937, 0.30402099323006543, 0.3350649948190288, 0.30357693806693903, 0.32879884997244135, 0.32061574905001744, 0.2155119469729586, 0.2915249823092285, 0.3303000735716342, 0.32035335238029894, 0.31266850860176937, 0.19735859593575636, 0.25230310314885657, 0.18984291715615495, 0.22790721690985444, 0.19175969503809862, 0.25837901599594315, 0.33964204569933215, 0.3249964077877579, 0.2697449678577815, 0.20811747825617558, 0.2732974714341199, 0.45517632090996984, 0.31433746940046753, 0.22534716497799218, 0.314822029231648, 0.42049346275436056, 0.2628802915528437, 0.3179255014988663, 0.2818004918890893, 0.28106401113135404, 0.17446008381082176, 0.2259155197197594, 0.2492040251161152, 0.3123557341810573, 0.27083851431820327, 0.23431978475539383, 0.22989969383496717, 0.24703765782516282]
