train_acc: [62.275, 80.325, 87.55, 92.425, 94.875, 95.7, 96.55, 97.35, 97.475, 98.1, 97.85, 98.45, 98.05, 98.4, 98.425, 98.775, 98.825, 98.625, 98.975, 98.625, 99.0, 98.675, 99.125, 99.275, 99.225, 99.075, 99.075, 99.325, 99.25, 99.45, 99.275, 99.55, 99.325, 99.6, 99.5, 99.55, 99.375, 99.6, 99.55, 99.575, 99.65, 99.7, 99.475, 99.825, 99.5, 99.525, 99.725, 99.725, 99.8, 99.775]
val_acc: [69.82408660351827, 70.63599458728011, 73.9512855209743, 75.2368064901019, 82.27334235453316, 78.41677943166441, 80.78484438430311, 81.12313936721327, 80.37889038209825, 80.31123138345143, 83.15290932661787, 79.90527740189445, 82.74695533473695, 82.81461434370772, 84.70906629549474, 82.20568334556239, 82.27334235453316, 80.51420837939189, 81.93504735097511, 78.55209742895805, 83.76184031443925, 85.31799728331612, 81.73207035503465, 80.92016237127281, 88.15967522648255, 80.98782136991963, 80.64952638700947, 80.58186737803871, 79.49932341001353, 79.36400541271989, 83.42354532120515, 85.2503382846693, 81.39377536180055, 81.46143436044737, 81.39377536180055, 83.2205683252647, 82.00270634962193, 79.56698240866035, 79.70230039563005, 79.90527739157051, 79.90527740189445, 81.86738835232829, 81.52909335909419, 83.62652231714561, 81.86738835232829, 78.75507442489851, 80.04059538886415, 83.49120431985197, 80.04059538886415, 81.79972935368147]
train_loss: [0.9579702548980713, 0.6474497175812721, 0.5007156911194325, 0.3987951110005379, 0.3297550888508558, 0.2769548399746418, 0.24903788581490516, 0.22775372426211835, 0.20636249569058418, 0.1973867284208536, 0.18750561470538377, 0.1759300474449992, 0.1721668501868844, 0.1712164675965905, 0.1639318563118577, 0.15287114364653825, 0.15231767010688782, 0.1526711069792509, 0.14937512392550706, 0.1454228898100555, 0.143254815004766, 0.1452128820642829, 0.12965575831010936, 0.12666963034495712, 0.132485537674278, 0.12497545533627272, 0.12965001266822218, 0.12494330732524395, 0.11987097591906785, 0.11591384304314852, 0.12314915516227484, 0.10928233108669519, 0.11727313109114766, 0.11428019864857197, 0.1130145860761404, 0.10749875424802303, 0.11110095116496087, 0.1087287985086441, 0.10816694753617048, 0.1079650071375072, 0.10834978210553527, 0.10297032547369599, 0.10626488142833114, 0.09558594886958599, 0.10679230631142855, 0.10227890677005053, 0.10098563114926219, 0.0958295706063509, 0.09727252266928553, 0.093335074596107]
val_loss: [0.77629066126595, 0.6166000516230747, 0.49385437623412426, 0.513747721345886, 0.3812520848398118, 0.5619631807883151, 0.42983780154033346, 0.4478029703295441, 0.4370460352773434, 0.5157794114681155, 0.3790582453325411, 0.5878916847770366, 0.44907965251976806, 0.42089972803331355, 0.3618152615726397, 0.42760419137826305, 0.4352488286279051, 0.5137536990707072, 0.4809817773200501, 0.7160300741095665, 0.3785983442211667, 0.3394236254514635, 0.5275536481800196, 0.5448437352262749, 0.2999761912150054, 0.5416509994432955, 0.6606728393730679, 0.5334507153143903, 0.7145660614168854, 0.5874132399670327, 0.4727810978163563, 0.41054498615985957, 0.5150451707944819, 0.5588144782391227, 0.5849748297074006, 0.5064740990350308, 0.5481473571634744, 0.7802138628793505, 0.6828159449548941, 0.6699305821578138, 0.7281941698211294, 0.5617251911368196, 0.5410595631103393, 0.49108132119107795, 0.585085299980092, 0.7482335425318497, 0.6424379721989651, 0.5121585524896808, 0.6307100564523704, 0.5553937665261177]
