train_acc: [54.65, 72.55, 75.45, 78.7, 86.8, 90.0, 90.95, 93.45, 93.05, 94.9, 93.85, 94.3, 95.1, 96.35, 96.7, 95.65, 96.3, 96.05, 96.35, 96.55, 95.5, 96.35, 96.4, 96.1, 97.5, 97.6, 96.0, 97.2, 96.65, 96.9, 96.85, 97.35, 97.85, 96.65, 97.75, 97.65, 97.15, 97.45, 97.75, 97.3, 97.8, 97.25, 96.9, 97.15, 97.3, 97.9, 97.75, 98.4, 97.7, 97.5]
val_acc: [78.34912043301759, 70.83897158322057, 71.98917456021651, 74.22192151556158, 81.0554803788904, 80.44654939106901, 93.16644113667118, 95.39918809201623, 97.6319350473613, 97.36129905277402, 98.91745602165088, 98.9851150202977, 98.51150202976996, 99.12043301759134, 99.59404600811908, 99.45872801082544, 99.45872801082544, 99.52638700947226, 99.72936400541272, 99.6617050067659, 99.86468200270636, 99.52638700947226, 99.72936400541272, 99.6617050067659, 99.3234100135318, 99.72936400541272, 99.79702300405954, 99.59404600811908, 99.6617050067659, 99.52638700947226, 99.72936400541272, 99.72936400541272, 99.72936400541272, 99.25575101488498, 99.59404600811908, 99.59404600811908, 99.52638700947226, 99.6617050067659, 99.45872801082544, 99.59404600811908, 99.6617050067659, 99.52638700947226, 99.59404600811908, 99.45872801082544, 99.59404600811908, 99.59404600811908, 99.45872801082544, 99.52638700947226, 99.25575101488498, 99.52638700947226]
train_loss: [0.9965854408740997, 0.7470922208428383, 0.6581720498800278, 0.5974969182014466, 0.4916955976486206, 0.4245224332213402, 0.38487939636409285, 0.3475592651665211, 0.34225080053508283, 0.30380035293102264, 0.3011217395961285, 0.30059549044817685, 0.26584706757962706, 0.24096448458731173, 0.22958146204054355, 0.2510344348549843, 0.23153429026901723, 0.23468643271923065, 0.22460063160955906, 0.2150466431453824, 0.23670016589015722, 0.21738087102398276, 0.21573285917192697, 0.21633914148062466, 0.19568734096735715, 0.18286508291214704, 0.22046048105880617, 0.19409401213005184, 0.20412019085139035, 0.2002122938260436, 0.19109568881988526, 0.18560536336526276, 0.17502530210465192, 0.2033934696689248, 0.17640070509165526, 0.17727838643640279, 0.1821700664423406, 0.16853920546546577, 0.17627680661901832, 0.1770606630705297, 0.16797734322398902, 0.17520340199396015, 0.17581020449474455, 0.17637412444129585, 0.166233225800097, 0.17047742588818074, 0.16639049245417117, 0.14547250438295306, 0.15569515231624245, 0.17904683050140738]
val_loss: [0.6635014117973905, 0.537771646644169, 0.4922247444341244, 0.46632935016016513, 0.3782192076051025, 0.37855196043506206, 0.24647540277492694, 0.21573079043699375, 0.19036760117672133, 0.19106434059804445, 0.1520217737745045, 0.14879187387042503, 0.11087930623910747, 0.12292974327309045, 0.09714578100163818, 0.10668614851020992, 0.08931336773204061, 0.0983453379270995, 0.09081496005935824, 0.09011897323741319, 0.07561890619362079, 0.09829483082434805, 0.09452183231590404, 0.09272558738619936, 0.08855415712311078, 0.10763450789596779, 0.093224665510477, 0.07749752218914452, 0.09103340200364025, 0.09284730132603677, 0.07871346303711725, 0.0774665279956648, 0.08260801420906239, 0.11832256494682278, 0.09486594317286844, 0.09448277543983215, 0.09471402185211646, 0.071302402245337, 0.09259261671297443, 0.08001574146005555, 0.09175258966135075, 0.09910109195560822, 0.11516869908982588, 0.11336302848000972, 0.08403259613557501, 0.10583922416173396, 0.13617671483747046, 0.07634507418082112, 0.10232291647128468, 0.11868670170418465]
