train_acc: [54.45, 70.4, 74.5, 78.6, 84.7, 87.55, 91.0, 93.0, 93.35, 94.5, 95.0, 96.6, 95.05, 96.7, 96.1, 97.1, 96.95, 96.55, 96.3, 97.4, 97.2, 97.35, 96.85, 97.9, 96.65, 97.2, 98.1, 97.6, 97.2, 97.65, 97.85, 97.15, 98.25, 97.7, 97.95, 98.1, 97.65, 98.0, 98.1, 97.85, 97.65, 98.0, 97.9, 98.05, 98.25, 98.2, 98.2, 98.35, 98.6, 97.8]
val_acc: [74.69553450608932, 72.25981055480379, 72.25981055480379, 74.69553450608932, 82.34100135317998, 89.58051420838972, 84.7767253044655, 82.94993234100136, 93.70771312584574, 94.04600811907984, 91.13667117726658, 98.44384303112314, 90.73071718538566, 93.234100135318, 82.00270635994588, 97.36129905277402, 96.21109607577807, 96.75236806495263, 98.37618403247632, 97.6319350473613, 98.37618403247632, 97.02300405953991, 98.84979702300406, 99.05277401894452, 97.42895805142084, 96.54939106901217, 96.54939106901217, 96.9553450608931, 89.24221921515561, 90.66305818673884, 98.17320703653586, 91.40730717185386, 98.78213802435724, 93.9106901217862, 92.08389715832206, 92.2192151556157, 84.57374830852504, 87.41542625169147, 98.3085250338295, 94.72259810554804, 91.40730717185386, 94.65493910690122, 96.41407307171853, 95.60216508795669, 92.76048714479026, 96.21109607577807, 98.10554803788904, 94.79025710419486, 98.10554803788904, 95.19621109607577]
train_loss: [1.968814203262329, 1.732528354883194, 1.6584210596084594, 1.5779636693000794, 1.5103384864330291, 1.4450927033424377, 1.3997787504196166, 1.3747832984924317, 1.3485884449481964, 1.318366717338562, 1.3105805537700652, 1.2805018103122712, 1.2920775871276855, 1.2527380220890045, 1.2651455829143523, 1.2447069194316864, 1.2427936136722564, 1.2396228332519532, 1.2416858806610107, 1.2208416066169738, 1.2171977806091308, 1.2175208070278167, 1.2176760046482087, 1.1940481896400452, 1.2110176525115968, 1.197118955373764, 1.1997599170207978, 1.1933865463733673, 1.2129770095348358, 1.1931110589504241, 1.179337259054184, 1.2015759632587433, 1.17262597155571, 1.1817155187129975, 1.1801715309619905, 1.1696142404079437, 1.1832173357009887, 1.1765381300449371, 1.1729626605510712, 1.1733195724487304, 1.1701186861991881, 1.1681102838516235, 1.1664738726615906, 1.1699795305728913, 1.156693969964981, 1.1540499651432037, 1.158890549659729, 1.1556491265296935, 1.1520879962444306, 1.1613521904945374]
val_loss: [0.5770538574707201, 0.43541039312724655, 0.4361180153565736, 0.4497791799705309, 0.360688577021733, 0.32379269136143635, 0.311969917675881, 0.34200332921719195, 0.22457890236732603, 0.24119697274269689, 0.2773989435280289, 0.17379533421848076, 0.23397358913221605, 0.22928897002069165, 0.2830398701867328, 0.19193000402881263, 0.19147873256501713, 0.17541941231134295, 0.1360514209440661, 0.1580398219041476, 0.14816731407089065, 0.15964640982459136, 0.12910681403417226, 0.12060443810987537, 0.1503422701572533, 0.15917320459758477, 0.15479210638144988, 0.139373505722444, 0.2505469424032552, 0.22996683883025779, 0.12861722900314163, 0.2188809233363491, 0.10483059703456855, 0.18645741089835702, 0.22279809599840592, 0.20686606568799773, 0.3395098790889341, 0.2996111824775823, 0.12010874007406351, 0.16915357271171552, 0.22514306364709535, 0.1809360563896183, 0.1441882373525664, 0.16153793493651247, 0.19890156240077722, 0.15162777638564412, 0.12535636319560836, 0.16027705432879907, 0.11699944379687793, 0.16245841280291304]
