train_acc: [51.85, 73.25, 77.0, 79.6, 85.1, 87.05, 89.75, 90.1, 92.25, 93.3, 93.8, 94.9, 95.35, 95.45, 95.25, 95.5, 95.95, 95.9, 96.5, 96.85, 95.75, 95.75, 96.35, 96.2, 96.85, 96.0, 96.55, 97.1, 96.05, 96.85, 96.8, 96.7, 96.45, 97.05, 96.65, 97.05, 97.75, 97.6, 97.15, 96.95, 97.0, 97.25, 97.65, 97.5, 97.65, 97.4, 96.65, 97.9, 98.0, 97.6]
val_acc: [85.72395128552097, 86.60351826792963, 91.67794316644114, 81.66441136671178, 93.84303112313938, 94.18132611637348, 96.21109607577807, 97.22598105548037, 83.4235453315291, 94.99323410013533, 96.2787550744249, 97.02300405953991, 98.10554803788904, 98.17320703653586, 97.15832205683355, 98.17320703653586, 98.6468200270636, 98.24086603518268, 97.9702300405954, 98.71447902571042, 98.24086603518268, 97.83491204330176, 97.83491204330176, 98.10554803788904, 98.3085250338295, 99.18809201623816, 98.71447902571042, 98.17320703653586, 99.18809201623816, 98.03788903924222, 98.51150202976996, 98.9851150202977, 98.24086603518268, 98.91745602165088, 98.91745602165088, 99.18809201623816, 98.91745602165088, 99.18809201623816, 98.37618403247632, 98.91745602165088, 98.91745602165088, 99.25575101488498, 98.91745602165088, 98.91745602165088, 98.78213802435724, 99.18809201623816, 98.37618403247632, 98.91745602165088, 99.05277401894452, 98.57916102841678]
train_loss: [1.064358563184738, 0.8154958294034004, 0.7020878685712815, 0.6395841581225395, 0.5642686106860638, 0.5191938881874084, 0.4767128183543682, 0.4587676149010658, 0.4052182127535343, 0.375696601331234, 0.36570199418067934, 0.3418072111904621, 0.33274457970261573, 0.31529490679502487, 0.3206011326760054, 0.3090528483092785, 0.2977645031362772, 0.29178355756402014, 0.2878365251123905, 0.27401678179204464, 0.2910654112547636, 0.2941898346096277, 0.2729286882132292, 0.2775402117818594, 0.2674498590528965, 0.27695006319880483, 0.26791658729314805, 0.25793803195655346, 0.27691776111721994, 0.26162415187060833, 0.25970940247178076, 0.2585285038799047, 0.2580643210709095, 0.2494330329298973, 0.2570033699423075, 0.24170225398242473, 0.2301994901895523, 0.2348461201041937, 0.2354806659668684, 0.250347273722291, 0.2458027984946966, 0.24894815987348556, 0.23094343268871306, 0.22946108502149581, 0.23128021420538425, 0.241016226708889, 0.24821333014965058, 0.22206111174821855, 0.2185768091380596, 0.22703503938019276]
val_loss: [0.7668628189334689, 0.5877179136456914, 0.47325957107769784, 0.37868982501055776, 0.2944852802524386, 0.2232899847610555, 0.19744654915248913, 0.19177593264592677, 0.3408609611033909, 0.19183689140095925, 0.17703717035595554, 0.16839832940588784, 0.1190764309689705, 0.13526717746814307, 0.1321261116229149, 0.13027491052011192, 0.11727059738904601, 0.12647511706219958, 0.11751983110592555, 0.08425690320916525, 0.13690381804392932, 0.11536518453099892, 0.10286851800947938, 0.10541933624222573, 0.11451111838261878, 0.069051100132692, 0.11110691004338219, 0.09399903338296649, 0.08773723953177948, 0.11862530689358873, 0.11664181149215595, 0.09722127554703791, 0.11468442170521564, 0.09470881087168628, 0.09838908251138033, 0.09859108973763309, 0.09154313236616138, 0.08436040519276718, 0.11329967680819464, 0.08864299445860441, 0.08874948642875732, 0.075182866877265, 0.0824070473243161, 0.1035158612333107, 0.08648157376337277, 0.09415790826556082, 0.1064652845323973, 0.09367007651543988, 0.09316628692225529, 0.09865699883888152]
