train_acc: [66.1, 77.6, 80.9, 84.475, 87.5, 91.525, 92.975, 93.65, 94.25, 94.025, 94.775, 96.1, 95.95, 95.5, 96.5, 96.05, 96.3, 96.825, 96.2, 96.85, 97.05, 96.575, 96.65, 97.125, 96.875, 97.6, 97.175, 97.45, 97.375, 97.175, 97.7, 97.475, 97.55, 97.725, 97.475, 97.55, 98.0, 97.2, 97.575, 98.0, 98.05, 97.6, 97.8, 97.65, 98.375, 98.15, 98.075, 98.125, 97.875, 98.4]
val_acc: [70.50067658998647, 70.23004059539919, 70.97428958051421, 86.26522327469553, 78.89039242219215, 75.84573748308524, 88.97158321798734, 85.38565629228687, 85.45331528577172, 87.14479025710419, 75.64276048456381, 76.18403247631935, 94.8579160821938, 95.39918807136836, 94.92557508084062, 94.72259810554804, 92.35453315290934, 86.33288227334235, 79.43166441136671, 94.24898509437242, 85.92692828146143, 80.98782138024357, 92.89580512143601, 93.36941811196375, 94.31664409301924, 86.94181325083979, 93.91069010113831, 81.05548036856645, 78.28146143437077, 78.2138024254, 91.81326116373478, 95.534506068662, 76.3870094722598, 89.17456020618485, 86.60351825760569, 91.001353169649, 94.99323407948744, 93.43707712093452, 96.14343707713125, 79.2286874051023, 95.33152907272154, 87.55074423866117, 94.51962109928364, 93.09878211737647, 96.41407305107064, 80.58186737803871, 86.26522326437158, 75.30446549391068, 83.8971583117329, 74.83085250338296]
train_loss: [0.9755841473340988, 0.7633168712258339, 0.7087627823650837, 0.6268183406889438, 0.5775530061423778, 0.5096835346817971, 0.4664181528687477, 0.4387261918783188, 0.417580297678709, 0.4087720146626234, 0.4022745461165905, 0.3591329341232777, 0.35580212719738485, 0.36653307390213014, 0.3313359928280115, 0.3463364778161049, 0.32738446675240995, 0.3176077267676592, 0.3251938405185938, 0.3127813756763935, 0.315639832675457, 0.31604871147871016, 0.2965696462392807, 0.3058992302417755, 0.30451591782271864, 0.29627246060967444, 0.28673230480402706, 0.2963024295270443, 0.28423109832406046, 0.28782138948142527, 0.282367742203176, 0.28112614776194095, 0.2806647959277034, 0.2830756905525923, 0.27666354332119225, 0.270443803653121, 0.2628543516993523, 0.27885624422878025, 0.2793138210624456, 0.2624355028644204, 0.260862191170454, 0.2592740446999669, 0.2610236516147852, 0.2780603403672576, 0.2531202454119921, 0.24827906876057387, 0.25772145434468985, 0.25999609269946816, 0.2633218339979649, 0.2492803701683879]
val_loss: [0.6235587504945685, 0.5228886842243726, 0.5022602072829968, 0.4879698582769892, 0.46378240932953696, 0.44434263467466073, 0.41938269243188736, 0.411629838090143, 0.4046043792338752, 0.35828889658389784, 0.47137921963880125, 0.483948828907071, 0.24194229625074726, 0.24267439509922178, 0.2666476167667864, 0.223215183240635, 0.29397612487511643, 0.3351541276874981, 0.40179289786676914, 0.24715480980676308, 0.3594398176718468, 0.35399716196226333, 0.2887433409610201, 0.28585310161355704, 0.25093277087069654, 0.3375173618006287, 0.2523533858772221, 0.3947571689850261, 0.4419849643808902, 0.4254881433527589, 0.2433384632911024, 0.19920546334635097, 0.5043763271325012, 0.29941730078244244, 0.3343831012390947, 0.2830945072299895, 0.2001784344446998, 0.23674243960796737, 0.16064417634426498, 0.44388559867951805, 0.21803095281446738, 0.325859602293723, 0.22250136626186165, 0.2594482567418412, 0.19591335672003007, 0.43897527980546347, 0.36661234796450487, 0.5741344083791172, 0.3880084520546122, 0.672962011943328]
