train_acc: [56.3, 75.65, 80.3, 83.95, 88.4, 90.5, 90.55, 93.5, 93.2, 93.9, 94.95, 95.5, 96.4, 95.15, 96.55, 95.55, 96.1, 96.3, 96.4, 97.5, 96.3, 96.45, 96.9, 97.45, 97.45, 96.85, 97.1, 97.0, 97.25, 97.15, 97.2, 96.75, 97.5, 97.5, 97.05, 97.0, 97.9, 97.2, 98.0, 97.75, 97.6, 97.5, 98.0, 97.35, 97.45, 97.55, 97.6, 98.25, 97.65, 98.2]
val_acc: [69.01217861975643, 71.51556156968877, 77.67253044654939, 78.14614343707713, 76.7253044654939, 81.86738836265224, 83.085250338295, 82.88227334235454, 89.1745602165088, 80.7171853856563, 95.87280108254397, 96.2787550744249, 98.57916102841678, 99.18809201623816, 98.91745602165088, 98.9851150202977, 99.12043301759134, 98.9851150202977, 99.12043301759134, 99.05277401894452, 98.9851150202977, 99.12043301759134, 98.57916102841678, 99.05277401894452, 99.12043301759134, 99.25575101488498, 99.25575101488498, 99.39106901217862, 99.25575101488498, 99.3234100135318, 99.39106901217862, 99.39106901217862, 99.39106901217862, 99.3234100135318, 99.52638700947226, 99.45872801082544, 99.25575101488498, 99.3234100135318, 99.39106901217862, 99.39106901217862, 99.25575101488498, 99.45872801082544, 99.39106901217862, 99.59404600811908, 99.52638700947226, 99.39106901217862, 99.3234100135318, 99.52638700947226, 99.25575101488498, 99.45872801082544]
train_loss: [0.9747642701864243, 0.7028332692980767, 0.6146937421560288, 0.5472248387336731, 0.4737749854326248, 0.42072780737280846, 0.39413660272955897, 0.34869209258258343, 0.3308349540233612, 0.3163413572758436, 0.30366946029663083, 0.27919662864506245, 0.26292496901750567, 0.2686310787051916, 0.24495083279162647, 0.25495399172604083, 0.23564615315198897, 0.23778394040465356, 0.23044734102487563, 0.2024415378421545, 0.21984580989181995, 0.22657915836572648, 0.21231542124599218, 0.20796393890678883, 0.20126593647152186, 0.20568573694676162, 0.2027680010870099, 0.19789848487079142, 0.1980935315489769, 0.18950196205079556, 0.18838066928833724, 0.20292644986510278, 0.17884581873565913, 0.1748180557116866, 0.19243494646251202, 0.19927747555077077, 0.15559939688816665, 0.1795992538034916, 0.1761103165000677, 0.15888294024765492, 0.17010325161367654, 0.17216227973252535, 0.16594564101472498, 0.17279615403711795, 0.1838028323277831, 0.17079214727133513, 0.16503936918079853, 0.1606713745072484, 0.1780596371591091, 0.15780042215436696]
val_loss: [0.7769503494238176, 0.5597886024131181, 0.45280286129337205, 0.41245146892228857, 0.4525301224364318, 0.3347950359057832, 0.306358390362966, 0.3147426490975652, 0.2669431151310549, 0.32892777342273677, 0.19345357113786255, 0.20350852048122833, 0.17662553277486717, 0.15462958648377406, 0.14657799101085559, 0.16180334040575, 0.162099003822055, 0.16731414545695417, 0.13532338500103544, 0.10027554647364377, 0.11333510184884878, 0.1206371875048813, 0.09746722195483996, 0.13390445888687696, 0.08826614840709793, 0.09202335876726492, 0.10765946196727404, 0.09559246908787623, 0.10863160273420633, 0.09334707645263336, 0.10158260617813496, 0.08536235771377612, 0.07787439103095876, 0.08664786535364365, 0.0776183586693665, 0.08809044907255166, 0.08859450122056697, 0.0763507842644545, 0.07719178539127394, 0.08212571165175335, 0.08846978082022906, 0.08272390835823967, 0.08711380352227065, 0.0657095399424333, 0.07676409774728331, 0.0815991022055704, 0.09241062531270419, 0.07503643620844945, 0.07518044611154293, 0.08908009316888166]
