train_acc: [54.65, 75.1, 82.35, 87.05, 90.85, 91.8, 92.75, 93.9, 95.2, 95.05, 95.2, 95.65, 95.9, 95.0, 96.0, 96.35, 96.2, 96.65, 97.15, 96.65, 96.85, 97.1, 98.05, 96.9, 97.45, 97.45, 97.5, 97.3, 97.4, 97.5, 98.05, 96.6, 97.5, 97.75, 97.75, 98.2, 97.9, 97.95, 98.3, 98.0, 97.95, 98.1, 97.7, 98.55, 97.95, 98.45, 97.6, 97.8, 98.2, 98.8]
val_acc: [70.02706359945873, 72.66576454668471, 74.9661705006766, 77.40189445196211, 78.82273342354533, 79.49932341001353, 88.15967523680649, 87.34776725304465, 95.06089309878213, 90.59539918809202, 96.82002706359945, 96.2787550744249, 97.09066305818673, 97.76725304465494, 96.82002706359945, 94.5872801082544, 97.22598105548037, 96.21109607577807, 96.9553450608931, 98.3085250338295, 98.57916102841678, 98.9851150202977, 96.68470906630581, 98.78213802435724, 98.78213802435724, 99.3234100135318, 99.05277401894452, 98.9851150202977, 99.39106901217862, 98.9851150202977, 98.91745602165088, 98.91745602165088, 98.57916102841678, 98.9851150202977, 98.84979702300406, 99.3234100135318, 99.12043301759134, 99.18809201623816, 99.18809201623816, 99.25575101488498, 99.05277401894452, 98.84979702300406, 99.12043301759134, 98.91745602165088, 99.12043301759134, 99.05277401894452, 99.52638700947226, 98.3085250338295, 99.12043301759134, 99.25575101488498]
train_loss: [1.9770033051967622, 1.7282596001625061, 1.5867386834621429, 1.49775590133667, 1.4259182827472687, 1.4000305778980255, 1.3696414594650268, 1.3307861940860748, 1.2887887935638427, 1.2923279194831847, 1.2894860510826112, 1.2683338396549224, 1.264654206752777, 1.2705461370944977, 1.242579883337021, 1.237137650489807, 1.2293305218219757, 1.2211397504806518, 1.2150124702453613, 1.2168298015594483, 1.212294846057892, 1.2094768159389495, 1.1804492905139923, 1.2106287331581116, 1.1891520931720734, 1.1922103667259216, 1.1852903208732606, 1.2001961054801942, 1.190963768720627, 1.1851585845947266, 1.1667609460353852, 1.209382289648056, 1.1852130427360534, 1.1726887519359588, 1.1741593475341796, 1.1701564197540284, 1.1700086569786072, 1.161642865896225, 1.1668208796977997, 1.1734726145267487, 1.1647540106773377, 1.1602230422496795, 1.1663534653186798, 1.1572583847045899, 1.1754596772193908, 1.159811192035675, 1.1733247780799865, 1.1668722734451293, 1.1533646535873414, 1.1454326069355012]
val_loss: [0.7724662850609652, 0.5656719616688637, 0.5067020161064778, 0.4975059786975303, 0.452316461642637, 0.39085443666726555, 0.2594058907140898, 0.2943264717218518, 0.19605988181411654, 0.2713533214448431, 0.13794588627790244, 0.15375749782957793, 0.16816113037290367, 0.16903472013257353, 0.18141844163929818, 0.2038237054369769, 0.16361928355145358, 0.15094688329064312, 0.14006323503463936, 0.11942483954565128, 0.11912479541984075, 0.10312899051382836, 0.12675407005118583, 0.0983441641934831, 0.09241388237081136, 0.09671957721285955, 0.07756588350432006, 0.08784642334679628, 0.08915087407270852, 0.10213491407315044, 0.08867956083444362, 0.09320484128489546, 0.09735230562127169, 0.09746285246153323, 0.08684354158514085, 0.09872158329444906, 0.08438105014164167, 0.08565986025397929, 0.09843661719794525, 0.0716475329698342, 0.08622470984540385, 0.09452612787807746, 0.07584942658513744, 0.10628469680538036, 0.09199672993348158, 0.08512582436345104, 0.0807322748459079, 0.08714662107143738, 0.08176648732229402, 0.08430182003240946]
