train_acc: [53.35, 73.35, 77.35, 83.25, 86.1, 87.75, 89.95, 91.0, 92.95, 92.35, 93.95, 94.1, 93.4, 94.55, 94.95, 96.2, 95.35, 95.4, 95.2, 95.1, 96.65, 95.3, 96.9, 96.75, 96.1, 95.85, 96.25, 96.15, 96.4, 96.95, 96.3, 96.35, 96.65, 95.95, 96.25, 97.2, 96.6, 96.85, 97.15, 96.2, 97.15, 96.4, 96.55, 96.65, 96.9, 97.25, 97.65, 96.8, 96.85, 96.95]
val_acc: [83.15290933694182, 74.56021650879568, 75.91339648173206, 88.8362652232747, 78.61975642760487, 97.76725304465494, 87.07713125845737, 79.22868741542625, 86.46820027063599, 85.38565629228687, 97.36129905277402, 98.44384303112314, 92.69282814614344, 89.10690121786197, 99.12043301759134, 99.05277401894452, 99.18809201623816, 98.84979702300406, 99.18809201623816, 99.39106901217862, 99.18809201623816, 99.25575101488498, 99.3234100135318, 99.18809201623816, 98.9851150202977, 99.52638700947226, 99.12043301759134, 99.25575101488498, 99.39106901217862, 98.78213802435724, 99.39106901217862, 99.25575101488498, 99.39106901217862, 98.10554803788904, 99.12043301759134, 99.12043301759134, 99.05277401894452, 99.39106901217862, 99.18809201623816, 99.25575101488498, 99.3234100135318, 99.05277401894452, 98.57916102841678, 98.71447902571042, 99.12043301759134, 99.3234100135318, 99.25575101488498, 94.18132611637348, 98.84979702300406, 99.25575101488498]
train_loss: [1.0098057315349578, 0.769728930413723, 0.6597601284384728, 0.5594844644069672, 0.501118099540472, 0.4547745345532894, 0.4339797835946083, 0.4008814726769924, 0.36194637125730517, 0.3491011330485344, 0.32731613153219224, 0.3143718391507864, 0.3236824561804533, 0.2971994308680296, 0.285348153218627, 0.2542188274413347, 0.2658819915354252, 0.262494291767478, 0.26842326554656026, 0.2651007191985846, 0.23731236226111652, 0.25471735155582426, 0.2297675559744239, 0.21888400815427303, 0.23659049028903245, 0.2315689658150077, 0.22899080281704665, 0.22959079256653786, 0.21109863432496787, 0.21060796762257813, 0.2143528028205037, 0.2133176250308752, 0.21044059932231904, 0.21720120614022018, 0.2136296297684312, 0.18931119289249182, 0.21274330581724643, 0.20035157932713626, 0.18982620915398002, 0.20391062616929412, 0.18889852534234525, 0.20060626097768544, 0.20799634140357376, 0.202569740857929, 0.1865307016298175, 0.1808853042498231, 0.1728192369453609, 0.1909443043358624, 0.19302782186865808, 0.1869319811500609]
val_loss: [0.7967708631845869, 0.503921249984727, 0.5090350810745895, 0.4130170616914842, 0.4368832037558575, 0.2078234332844272, 0.33956022959842735, 0.47963195016887417, 0.3366941810864073, 0.31982831218366853, 0.18781763674119167, 0.1496112489258727, 0.22640933302081165, 0.26292775845576044, 0.13914784506790048, 0.11871204956740908, 0.1098476217427015, 0.13212134989031435, 0.10512898481263198, 0.0926882486603902, 0.10785866862462887, 0.09610695826426571, 0.0892876184145959, 0.09230030367355063, 0.09795874075432269, 0.08760136839743396, 0.10125350686992457, 0.10065447356607336, 0.08431679686387757, 0.10817213827323204, 0.08468660064979239, 0.08004573835954776, 0.07394052151192347, 0.11824102282362797, 0.09440551577224138, 0.0986108477447933, 0.10003891634642674, 0.08783352883162131, 0.05952412806985665, 0.08038940482819516, 0.07501287664587991, 0.08641953640825371, 0.10522734535623629, 0.09689633373337443, 0.08110534794961326, 0.0756201495256411, 0.09323217047325491, 0.17866386965179315, 0.09713563072987919, 0.08191881055095522]
