train_acc: [53.3, 70.15, 74.9, 79.05, 86.55, 89.0, 91.7, 93.15, 94.9, 94.65, 95.75, 96.55, 96.3, 95.35, 97.05, 97.15, 96.75, 96.85, 96.6, 98.05, 97.7, 98.2, 97.45, 97.95, 98.0, 97.6, 98.65, 97.85, 98.45, 98.1, 97.85, 97.8, 98.3, 98.5, 98.6, 98.2, 98.35, 98.4, 97.9, 98.5, 98.5, 98.6, 97.85, 98.9, 98.25, 98.5, 98.55, 98.9, 98.55, 98.45]
val_acc: [72.46278755074425, 71.44790257104195, 72.46278755074425, 74.35723951285522, 77.26657645466847, 78.01082543978349, 83.49120433017592, 81.32611637347767, 93.84303112313938, 94.31664411366712, 98.10554803788904, 98.44384303112314, 98.51150202976996, 98.51150202976996, 98.51150202976996, 98.78213802435724, 98.9851150202977, 98.9851150202977, 98.37618403247632, 98.9851150202977, 99.05277401894452, 98.91745602165088, 99.05277401894452, 98.03788903924222, 99.05277401894452, 98.91745602165088, 98.9851150202977, 99.39106901217862, 99.18809201623816, 98.71447902571042, 99.05277401894452, 99.3234100135318, 99.05277401894452, 99.12043301759134, 99.3234100135318, 99.18809201623816, 99.05277401894452, 99.25575101488498, 99.3234100135318, 99.25575101488498, 99.18809201623816, 99.45872801082544, 99.3234100135318, 99.18809201623816, 99.3234100135318, 99.12043301759134, 99.45872801082544, 99.39106901217862, 99.3234100135318, 99.3234100135318]
train_loss: [1.4205867182016372, 1.1466817987561226, 1.0933807913064957, 0.9910654032230377, 0.9326557103097439, nan, nan, nan, nan, nan, nan, nan, nan, nan, nan, nan, nan, nan, nan, nan, nan, nan, nan, nan, nan, nan, nan, nan, nan, nan, nan, nan, nan, nan, nan, nan, nan, nan, nan, nan, nan, nan, nan, nan, nan, nan, nan, nan, nan, nan]
val_loss: [0.6443624024623463, 0.5125149334799776, 0.4814966198596322, 0.4855254453799721, 0.43816046037677175, 0.42005979928096027, 0.3511428531758356, 0.3305760720928725, 0.23444746259262178, 0.2279215996054093, 0.13344548579118895, 0.11815421339704155, 0.12137824186049553, 0.12013917357858689, 0.13457560624942405, 0.11863515353654493, 0.10321417671196031, 0.10007209181583944, 0.12596226717485304, 0.1008164040613239, 0.08572101440275635, 0.1015414486819417, 0.11769125549089925, 0.13685749948065076, 0.08551749061788048, 0.08796809343507712, 0.08752129102914678, 0.07943708873045138, 0.09540057779165018, 0.10272134458381527, 0.09294000867355982, 0.06922784022714676, 0.10207771674222003, 0.08084032732958077, 0.07564362067935915, 0.08145714165574804, 0.08324035392703642, 0.06793508454854821, 0.07340759032875985, 0.07876847900137689, 0.07714690404146385, 0.06650253441764473, 0.07318264384110015, 0.08208523223905022, 0.06658841119083564, 0.08243220517757135, 0.05810301501369444, 0.07980319872720315, 0.07547966679192686, 0.05668062290254885]
