train_acc: [43.8, 71.65, 78.8, 82.65, 88.2, 91.25, 93.45, 92.7, 94.9, 95.8, 96.05, 95.35, 95.55, 96.1, 96.3, 97.15, 96.25, 97.15, 96.8, 97.1, 97.1, 97.65, 98.15, 97.25, 96.6, 97.65, 97.55, 96.7, 97.3, 97.15, 97.55, 97.6, 98.2, 97.2, 98.2, 98.0, 97.4, 97.9, 97.55, 98.05, 98.2, 97.8, 98.4, 97.9, 98.2, 97.95, 98.1, 97.95, 97.85, 98.65]
val_acc: [89.78349120433018, 92.35453315290934, 93.36941813261164, 92.28687415426252, 88.8362652232747, 81.3937753721245, 90.79837618403248, 94.45196211096076, 92.8958051420839, 97.09066305818673, 99.3234100135318, 99.12043301759134, 98.03788903924222, 99.39106901217862, 98.84979702300406, 98.6468200270636, 99.45872801082544, 99.52638700947226, 99.59404600811908, 99.79702300405954, 99.18809201623816, 99.45872801082544, 99.45872801082544, 99.39106901217862, 99.52638700947226, 99.45872801082544, 99.59404600811908, 99.45872801082544, 99.25575101488498, 99.25575101488498, 99.52638700947226, 98.78213802435724, 99.72936400541272, 99.52638700947226, 99.59404600811908, 99.6617050067659, 99.59404600811908, 99.45872801082544, 99.25575101488498, 99.3234100135318, 97.76725304465494, 97.83491204330176, 99.52638700947226, 99.39106901217862, 99.45872801082544, 99.59404600811908, 99.52638700947226, 99.45872801082544, 99.52638700947226, 99.59404600811908]
train_loss: [1.0016415210962295, 0.7348838856220246, 0.6332026120424271, 0.5608056117296218, 0.4747462503015995, 0.40286571711301805, 0.36902109675109385, 0.36352815966308116, 0.3216581538468599, 0.3029712723940611, 0.2820649687796831, 0.295356756195426, 0.27022745372354984, 0.2560723777860403, 0.2479441579952836, 0.22286005582660437, 0.24578633807599545, 0.2315007589161396, 0.22349810428917408, 0.22981379210203887, 0.2142341491356492, 0.20369563367962837, 0.18699801649153233, 0.1983898010700941, 0.21786388836801052, 0.18870619016885756, 0.18924103510379792, 0.20320757146179677, 0.19254581913352012, 0.19271240317076443, 0.1781238946765661, 0.18078263157606125, 0.1653849796578288, 0.1889871698692441, 0.16693130418658256, 0.16152891471236944, 0.17774579621106387, 0.1689323758557439, 0.1806542511768639, 0.17144329370558262, 0.1636389539204538, 0.15985220896452665, 0.1535171663761139, 0.16200009224563838, 0.15659657498076557, 0.16322771085053683, 0.15677248605340718, 0.16319139812141656, 0.16990441204980017, 0.14396367049962283]
val_loss: [0.6375160830269324, 0.47250151876183744, 0.41830457361851076, 0.35217139572510053, 0.3559473284365198, 0.35390936008607904, 0.2806763691331117, 0.23403019332030792, 0.23934320099298945, 0.19800553526300863, 0.11884579628060732, 0.1305927907662398, 0.14198479304374959, 0.1026577290969224, 0.12818034323932997, 0.14036173735403723, 0.10126612390894367, 0.09298035511507556, 0.0979681831654741, 0.07833430738628153, 0.1041539041917766, 0.08842444143614685, 0.0825929015733715, 0.08569749976043288, 0.08991127941097071, 0.08221954326567533, 0.09603205533932607, 0.08144449215780576, 0.10048239670078873, 0.09635183962215751, 0.08930349568754475, 0.1085130640271552, 0.06852978117592602, 0.08671269116164544, 0.07646586150132594, 0.08599696294259637, 0.09791781513350581, 0.09837079059246913, 0.08692028185955081, 0.08519972571460417, 0.12814857337891006, 0.12667597757705332, 0.07614947783386433, 0.08136735306057136, 0.08273976786170503, 0.0777738644402469, 0.07878034940954796, 0.07391960984436198, 0.0857618372075774, 0.069368400445891]
