train_acc: [60.4, 71.925, 74.975, 75.225, 79.225, 81.3, 84.975, 85.4, 86.9, 88.675, 90.7, 91.925, 92.9, 92.85, 92.925, 94.0, 94.05, 94.825, 94.675, 94.775, 95.3, 95.65, 95.125, 95.375, 94.175, 96.15, 96.275, 96.075, 96.45, 96.4, 95.975, 96.425, 96.6, 96.1, 96.95, 96.85, 96.225, 96.8, 96.475, 96.925, 95.55, 97.375, 96.925, 96.475, 96.875, 97.475, 96.85, 97.125, 97.125, 96.6]
val_acc: [64.61434370513214, 64.88497970230041, 66.03518267671537, 70.56833558863329, 72.936400541272, 73.2746955345061, 73.34235453315291, 73.5453315239314, 71.51556156710778, 77.13125845479385, 77.46955344544696, 75.3721244925575, 76.72530446033194, 77.46955345060893, 75.16914749145508, 76.86062246278755, 76.99594044975724, 77.26657645466847, 76.25169147496617, 77.19891745602165, 79.43166440104277, 77.74018944519621, 77.80784843351908, 76.0487144790257, 77.53721244925575, 77.26657645466847, 77.60487144790257, 76.31935047361299, 77.40189445196211, 76.92828146143437, 77.46955345060893, 75.98105548037888, 76.3870094722598, 76.92828146143437, 77.40189445196211, 77.74018944519621, 77.53721244925575, 77.53721244925575, 77.67253044654939, 76.79296346414073, 77.60487144790257, 77.19891745602165, 77.60487144790257, 76.79296346414073, 77.40189445196211, 77.13125845737483, 77.60487144790257, 77.87550744248985, 77.46955345060893, 77.74018944519621]
train_loss: [1.394784455537796, 1.0463112714290619, 1.0112959461212159, 0.9760627682805061, 0.89987527602911, 0.8508055694103241, 0.8211593240499496, 0.8495616042017937, 0.752188849568367, 0.7337214210033417, 0.6650958113372326, 0.642093917876482, 0.6433037719428539, 0.6233639876842498, 0.6470008112490178, 0.5835618617832661, 0.6173789171874523, 0.5606573068797588, 0.5650022264719009, 0.5816371629238128, 0.6363935524225235, 0.5608507452905178, 0.5297492296248675, 0.5584371426403523, 0.5600253221690654, 0.5356182108223438, 0.5831797285825014, 0.5535559961497784, 0.5699190584719181, 0.5596459387242794, 0.505751162469387, 0.49066441334784033, 0.5229284829944372, 0.5104072505682706, 0.5096996031701565, 0.4893356955051422, 0.5318598348796367, 0.527542147219181, 0.5315422389060259, 0.4749970756918192, 0.5337538684308529, 0.5295720908492804, 0.49724724066257475, 0.5444404222369194, 0.47607024359703065, 0.5020502552688122, 0.4973546258658171, 0.4589127906858921, 0.48903343826532364, 0.5053744878321886]
val_loss: [0.841484184032848, 0.7760429554927656, 0.7776167968613208, 0.8380103153208112, 0.5383000886408015, 0.5557042528876432, 0.6462948044840151, 0.6146670808972783, 0.6050374403858055, 0.4984638816771552, 0.4544389746750482, 0.5094447951758827, 0.5617737156693119, 0.5427131507248292, 0.7582186735934592, 0.8650326259807256, 0.7199524516020479, 0.538466162465422, 0.6163390506265611, 0.6938474222473265, 0.4851525426314229, 0.6799356975316678, 0.5372084474470844, 0.9060583663083542, 0.6616618213456764, 0.5953304944849789, 0.6140803755015256, 0.6215528105568338, 0.6716356245203495, 0.6099969974753015, 0.649527930489493, 0.7986390079914798, 0.7350159271724814, 0.5739546477068745, 0.5318661719076688, 0.575792441227762, 0.5984989318578265, 0.5465703525546439, 0.5661893854363845, 0.5678522093007303, 0.5869284771050104, 0.5115365220664803, 0.4912333538672598, 0.5544677092435395, 0.5046044752021926, 0.5750997083233884, 0.5971544694069758, 0.6472544501534334, 0.6753949407634297, 0.6488827486725396]
