train_acc: [54.15, 78.35, 82.95, 87.15, 89.7, 89.6, 92.55, 92.85, 94.2, 94.8, 95.7, 95.9, 95.9, 96.4, 95.65, 97.2, 96.75, 96.6, 97.45, 97.2, 97.85, 96.6, 97.3, 97.15, 97.6, 97.5, 97.6, 98.25, 98.25, 97.65, 97.55, 98.2, 98.35, 98.45, 97.95, 97.8, 98.55, 97.8, 98.6, 98.7, 98.05, 98.15, 98.05, 99.1, 98.4, 98.6, 98.7, 98.8, 99.25, 98.35]
val_acc: [69.95940460081191, 72.39512855209743, 76.79296346414073, 78.07848443843031, 76.45466847090663, 78.07848443843031, 82.27334235453316, 88.02435723951285, 83.62652232746956, 96.75236806495263, 97.6319350473613, 98.37618403247632, 98.78213802435724, 98.17320703653586, 96.00811907983761, 98.71447902571042, 97.6319350473613, 98.78213802435724, 98.03788903924222, 98.9851150202977, 91.8809201623816, 93.09878213802436, 84.37077131258458, 99.12043301759134, 98.3085250338295, 98.3085250338295, 99.25575101488498, 97.76725304465494, 98.24086603518268, 98.51150202976996, 99.3234100135318, 98.9851150202977, 98.84979702300406, 98.91745602165088, 99.45872801082544, 99.39106901217862, 99.05277401894452, 99.18809201623816, 99.25575101488498, 99.12043301759134, 99.25575101488498, 99.25575101488498, 98.44384303112314, 99.18809201623816, 98.6468200270636, 99.18809201623816, 98.78213802435724, 98.9851150202977, 99.12043301759134, 98.84979702300406]
train_loss: [1.974550014257431, 1.7103755168914796, 1.5851252148151398, 1.4870810296535493, 1.4348491714000702, 1.407340395927429, 1.3643123540878297, 1.3409294292926788, 1.3097353687286377, 1.2925594282150268, 1.2688784701824187, 1.2558450572490691, 1.2486438925266266, 1.240456526517868, 1.2457506351470948, 1.2174176838397979, 1.2227896852493285, 1.2230520384311676, 1.204072470188141, 1.1973815894126891, 1.1873608162403106, 1.2046128323078156, 1.1960299022197722, 1.1932955529689788, 1.1776453928947448, 1.1860810964107513, 1.1784776821136476, 1.1617968394756317, 1.1612285068035126, 1.1734950728416442, 1.178854706287384, 1.1714029502868653, 1.167470064640045, 1.1513833706378938, 1.1684602041244507, 1.1750419504642486, 1.1467960407733917, 1.173032449245453, 1.1425024688243866, 1.1465475172996522, 1.1660906257629395, 1.1499400947093963, 1.14824254655838, 1.1322916576862334, 1.145789677619934, 1.142378359556198, 1.1369747588634491, 1.1374086837768556, 1.1250472428798675, 1.1484625878334045]
val_loss: [0.8726980815237043, 0.6654243513598977, 0.5568353499466092, 0.5122237340603856, 0.4720481197388795, 0.4298900545893567, 0.35332081199740845, 0.28631510802308985, 0.33473968339506766, 0.23280481063585642, 0.17528100193797008, 0.18047603018108013, 0.13840280730322668, 0.15826493349929463, 0.18529577592591956, 0.12745069761802122, 0.14556661927228207, 0.12849152372981118, 0.1429952780724943, 0.11560765846918497, 0.23706568719085724, 0.19781853521749357, 0.44328602983620075, 0.11401525135271766, 0.1113934784633623, 0.08999512898099277, 0.10068976428455526, 0.12480832434464775, 0.12795394458915127, 0.12898692631078265, 0.09502187014856099, 0.09842138457665263, 0.11425562128071776, 0.08972415331554509, 0.09326043631755451, 0.10066283842314322, 0.10509638500643115, 0.09561192308815955, 0.07199658008345247, 0.08166315346069039, 0.0887859073418403, 0.09101408223983239, 0.0952701579996149, 0.09089712259713788, 0.10388535633179106, 0.0936739253376753, 0.10141004267097004, 0.08809714073741226, 0.09080018258385149, 0.0918618360425929]
