train_acc: [60.975, 79.65, 79.9, 83.2, 84.425, 85.05, 86.25, 88.375, 91.1, 91.625, 94.675, 95.2, 95.85, 95.825, 96.575, 96.875, 97.25, 97.525, 97.2, 97.45, 97.525, 98.175, 97.55, 98.4, 98.225, 98.25, 98.4, 98.375, 98.6, 98.7, 98.6, 98.6, 98.6, 98.975, 98.675, 99.05, 98.7, 98.95, 98.95, 99.1, 98.4, 98.875, 98.825, 99.05, 98.875, 98.975, 99.325, 99.025, 99.175, 99.375]
val_acc: [67.2530446549391, 70.02706359945873, 71.9215155589887, 68.2002706334136, 73.41001352921874, 79.22868741284526, 83.76184031960122, 86.12990527223992, 78.14614343449614, 86.12990527223992, 92.82814613311314, 85.92692827629946, 78.89039241703018, 84.23545331529094, 88.02435723951285, 93.30175912364088, 97.56427603839053, 87.82138024357239, 84.03247631935048, 84.84438430311232, 84.50608930987822, 90.66305818673884, 92.62516913717268, 87.82138024357239, 85.11502029253762, 85.65629228171218, 85.3856562871249, 80.7171853830753, 84.30311231135677, 86.80649525870813, 85.723951280359, 90.93369417100217, 82.13802435465853, 89.91880919129987, 86.60351826792963, 89.03924220889121, 89.37753720212531, 88.70094722598105, 88.63328821701029, 92.21921514529176, 97.09066304786279, 97.29364004380325, 95.33152908304548, 92.96346414073072, 96.27875506410095, 90.8660351826793, 93.09878212770042, 96.75236805462869, 94.24898510469636, 94.85791609251774]
train_loss: [0.9558554427623749, 0.7053544373512268, 0.6230421593785286, 0.5711585946083069, 0.5303495047092438, 0.5159692945480346, 0.4855666644871235, 0.4508089014589787, 0.42042236143350603, 0.4031481130421162, 0.3639354431927204, 0.341678320646286, 0.3156647896170616, 0.3090756185352802, 0.288913389056921, 0.2832467911541462, 0.2623796570897102, 0.26279725395143033, 0.25517580147087576, 0.252581016138196, 0.2448854461312294, 0.22395800349116327, 0.22952566792070866, 0.22193020011484624, 0.2215695132613182, 0.21558638586103915, 0.2124741259664297, 0.20122378778457642, 0.19964837186038495, 0.1977519090473652, 0.20150365729629993, 0.19661319364607335, 0.1980647932291031, 0.18931283649802208, 0.18912711130082607, 0.17745817148685455, 0.18285522212088107, 0.18183834876120092, 0.17305040258169174, 0.1739956542700529, 0.18570701014995575, 0.17264372378587722, 0.17548669914901258, 0.16826602429151535, 0.17174545168131589, 0.17033161820471288, 0.16474437121301888, 0.16306074222922326, 0.16142918708920478, 0.15606745371222497]
val_loss: [0.8320980965687877, 0.661118984706347, 0.558777215516293, 0.6125491424406978, 0.49718311392728626, 0.5015175719222454, 0.45777172721287235, 0.4270113724333024, 0.48272940343061865, 0.40436158531896155, 0.3634131904464613, 0.4106123329257449, 0.48073039289579017, 0.4009037956050994, 0.3392911252536696, 0.3308123898401312, 0.2629093664908764, 0.34290027755523084, 0.3662092498981259, 0.39031703778226257, 0.36678313940803803, 0.3265096404071751, 0.29602617604080816, 0.32932175334961394, 0.35183089382754934, 0.3764604716807483, 0.36232491329574457, 0.416069259259633, 0.393848464195396, 0.3543373749406154, 0.35748587310798113, 0.28931504748106324, 0.45074922394849287, 0.29321169843128475, 0.3635608836988312, 0.3110461649213979, 0.3016775055046172, 0.31547152836768005, 0.3133244609840829, 0.24525749824527798, 0.188201339605374, 0.1952556029909841, 0.21973400451091693, 0.242982068428006, 0.18904500489951148, 0.2735050307317096, 0.2589409843752607, 0.18328497511446878, 0.23196547378625856, 0.2079783623007218]
