train_acc: [45.45, 73.0, 76.2, 77.65, 79.25, 82.4, 87.0, 88.25, 90.0, 91.45, 93.35, 93.5, 93.5, 94.85, 95.1, 94.85, 95.3, 95.45, 95.6, 95.75, 95.7, 96.35, 96.95, 96.55, 97.15, 96.75, 97.8, 97.45, 97.1, 97.3, 98.2, 97.3, 98.35, 97.75, 97.5, 97.9, 98.15, 98.25, 98.4, 98.15, 97.85, 98.25, 98.1, 98.1, 98.6, 98.45, 98.25, 98.7, 98.75, 98.5]
val_acc: [89.37753721244925, 72.46278755074425, 72.86874154262517, 72.32746955345061, 72.32746955345061, 72.936400541272, 72.86874154262517, 75.77807848443842, 83.62652232746956, 85.92692828146143, 87.41542625169147, 81.0554803788904, 92.48985115020298, 94.51962110960758, 97.09066305818673, 96.07577807848443, 93.84303112313938, 96.2787550744249, 96.9553450608931, 97.42895805142084, 96.48173207036535, 96.14343707713125, 97.76725304465494, 97.56427604871448, 97.22598105548037, 95.60216508795669, 96.48173207036535, 97.90257104194858, 97.36129905277402, 98.10554803788904, 97.2936400541272, 97.09066305818673, 97.22598105548037, 98.3085250338295, 97.02300405953991, 96.68470906630581, 97.49661705006766, 96.88768606224627, 97.42895805142084, 97.49661705006766, 98.17320703653586, 97.2936400541272, 97.6319350473613, 97.56427604871448, 96.48173207036535, 97.22598105548037, 98.03788903924222, 97.9702300405954, 96.82002706359945, 97.90257104194858]
train_loss: [2.9998245644569397, 2.7347965664863585, 2.650077639579773, 2.60362633228302, 2.5698726963996887, 2.52988960313797, 2.4733917903900147, 2.4426504650115968, 2.421606041908264, 2.378444324016571, 2.3467415046691893, 2.3340869364738466, 2.3478721551895143, 2.3103875379562377, 2.296861276626587, 2.303758050918579, 2.276586265087128, 2.275549313545227, 2.2649890542030335, 2.2743462352752686, 2.2747175936698913, 2.253490918636322, 2.233538929462433, 2.2381882195472715, 2.230772403240204, 2.2366884226799013, 2.2117796187400818, 2.223347718715668, 2.2212964510917663, 2.2208937335014345, 2.196764415740967, 2.217777128696442, 2.205660629749298, 2.1998741149902346, 2.204669106006622, 2.1959280405044557, 2.188837805747986, 2.191065925121307, 2.1810706734657286, 2.1893404693603515, 2.19465549993515, 2.1865014400482177, 2.1906051592826845, 2.189675786972046, 2.1757533383369445, 2.1828029561042785, 2.176727162361145, 2.1677685494422914, 2.1723124871253967, 2.171212742805481]
val_loss: [0.6472223743050283, 0.5356787168124694, 0.44985585747455553, 0.45556380211581077, 0.4666222896482367, 0.43951034221258795, 0.45456045087683994, 0.3926681387609977, 0.3729574060085178, 0.3529499553557339, 0.3342966966038628, 0.3534003602837355, 0.29945834253250503, 0.24446323778132464, 0.1967088481126522, 0.23449759271010978, 0.26969509090880417, 0.2135445426378263, 0.20748368533723893, 0.20186775989316313, 0.1995934300648908, 0.20273839510442923, 0.19144313981068473, 0.16965447941918496, 0.20543759865673694, 0.21626876409547416, 0.21380968846088333, 0.16513807487866874, 0.16155972835861138, 0.13883643251048536, 0.1701971075632414, 0.1552117586599635, 0.15328186508444552, 0.12921681608979532, 0.14908839278275976, 0.18557228417676422, 0.1535193726259091, 0.1558970845479604, 0.16673416138219574, 0.164999949583262, 0.14859222411020523, 0.15091283136477168, 0.16647932347772249, 0.14323620770897852, 0.18592913895946234, 0.14337280119425228, 0.1323640302267223, 0.13529918560095344, 0.16287567274939868, 0.1340286213103102]
