train_acc: [50.45, 76.725, 79.875, 83.525, 84.875, 86.7, 89.575, 91.85, 92.75, 93.2, 94.65, 94.55, 95.55, 94.825, 95.85, 95.85, 95.725, 95.175, 95.825, 95.825, 96.0, 96.75, 96.0, 96.675, 96.575, 96.925, 96.95, 96.975, 96.9, 96.55, 97.35, 97.475, 97.3, 97.3, 98.025, 97.35, 97.3, 97.225, 97.4, 97.9, 96.975, 97.4, 97.925, 97.95, 97.825, 97.925, 97.925, 97.325, 97.825, 97.875]
val_acc: [36.94181326116374, 57.7807848443843, 67.05006765899864, 66.10284167536219, 76.79296345897876, 66.57645466588993, 85.31799729364005, 86.4005412694082, 72.80108254397835, 71.10960757264587, 70.63599458211813, 72.25981055480379, 72.73342354533153, 71.58322056833559, 70.83897158322057, 83.08525033571401, 74.56021650621469, 76.3870094722598, 71.38024357239513, 72.46278755074425, 73.13937753205047, 76.11637347767252, 74.01894451445914, 73.9512855183933, 73.34235453315291, 71.31258456858633, 75.30446549391068, 73.81596752368065, 75.64276048198282, 70.02706359945873, 74.76319350473614, 74.49255751014886, 76.45466847090663, 76.99594045491922, 77.26657645466847, 75.91339648173206, 76.45466846832565, 73.54533152909337, 71.38024357239513, 70.90663058186739, 73.20703653585927, 72.39512855209743, 69.55345060893099, 73.54533152909337, 75.0338294993234, 74.76319350473614, 72.39512855209743, 75.64276048714478, 71.17726657645467, 71.51556156968877]
train_loss: [1.252712096452713, 0.9612015439867974, 0.8693305372595787, 0.7724721094965935, 0.7731223353743553, 0.7149159825444221, 0.6649576520323753, 0.6434145759344101, 0.6177366605103016, 0.5927597833871842, 0.541426755875349, 0.5181367738246918, 0.5039125390946865, 0.5367280411720275, 0.4964927203655243, 0.5081120549440384, 0.47453892186284063, 0.505743264645338, 0.4847632891237736, 0.4860986261367798, 0.4593856639415026, 0.4650812251865864, 0.4657983736693859, 0.4550770034492016, 0.46389332848787307, 0.4487663416415453, 0.4566514100134373, 0.4696802374273539, 0.4229034019112587, 0.434753178820014, 0.4313586268275976, 0.4354711751490831, 0.4212846845239401, 0.4179992087483406, 0.40830055452883246, 0.4252182265073061, 0.4390074151903391, 0.41920750883221625, 0.4211550780683756, 0.39533887791633604, 0.41280333313345907, 0.4090049571990967, 0.38182156789302824, 0.4121508208662272, 0.4007065869867802, 0.3895226713716984, 0.4094185194969177, 0.3940176172554493, 0.3671920278072357, 0.3592357622087002]
val_loss: [1.0600913622705153, 0.8384194874150505, 0.6770383184107779, 0.6484382622780754, 0.6373047645988903, 0.6953867456909768, 0.44128168956030045, 0.41753610444327005, 0.6247980314960982, 0.7348284226954387, 0.7467780507223855, 0.7073246810852433, 0.7130989875941863, 0.7771545973214471, 0.7716724558233086, 0.49101872167503396, 0.6836542651279047, 0.6646670871319725, 0.7259122545002923, 0.7630035431604424, 0.7706125825240261, 0.7562268207376478, 0.7683683017190641, 0.798476935904952, 0.829781812989986, 0.8565928250833519, 0.8143986417371301, 0.7774755767620949, 0.7415699007062693, 0.9572059305861128, 0.8174233196028514, 0.869984139810557, 0.7806891611649961, 0.8929504643273773, 0.8179683046710347, 0.8094129788214203, 0.6500159381448981, 0.8004376285372955, 0.9568853879975047, 0.8318996739968234, 1.0203822969140155, 0.9247420050092898, 0.8998998622428903, 0.8606949650829958, 0.8320548772025496, 0.98226333670671, 0.9182312234086822, 0.9366334253904461, 1.0377041397462516, 0.8635483495034126]
