train_acc: [63.35, 75.975, 78.525, 82.925, 87.25, 90.1, 91.85, 93.2, 94.25, 94.625, 95.3, 95.175, 95.725, 95.55, 95.725, 94.925, 95.8, 95.675, 96.175, 96.5, 96.025, 96.15, 95.95, 96.65, 96.35, 96.4, 96.4, 97.175, 96.525, 96.85, 97.225, 96.825, 96.95, 96.925, 96.9, 96.6, 97.8, 97.325, 97.275, 97.325, 97.1, 97.275, 97.275, 97.45, 97.075, 96.725, 97.175, 97.575, 97.475, 97.5]
val_acc: [70.90663058186739, 70.77131258457375, 70.83897158063958, 74.49255750498688, 88.29499323410013, 75.98105548037888, 86.67117726657645, 79.56698240866035, 88.56562922868741, 91.00135315932505, 93.97834912043302, 86.40054126166523, 82.4086603518268, 89.10690120753803, 78.48443843031123, 81.59675235774101, 79.43166441136671, 83.15290932661787, 79.02571041948579, 81.73207035503465, 77.80784844384303, 79.09336941813261, 78.07848443843031, 78.55209742895805, 78.95805142083897, 78.89039242219215, 78.75507442489851, 78.95805142083897, 79.63464140730717, 80.51420838971583, 78.95805142083897, 79.22868741542625, 78.48443843031123, 79.70230040595399, 77.46955345060893, 80.44654939106901, 94.72259808490016, 91.20433015526551, 82.47631935047362, 84.16779430632018, 78.41677943166441, 78.82273342354533, 79.09336941813261, 80.78484438430311, 83.69418131579243, 78.95805142083897, 78.75507442489851, 77.46955345060893, 78.41677943166441, 78.68741542625169]
train_loss: [1.1635235683321954, 0.9117118505835533, 0.8232831445336342, 0.7586322309970855, 0.6916117007732392, 0.6263716190457344, 0.5685213637053966, 0.5502232723236083, 0.514874738663435, 0.48242148011922836, 0.4968108937740326, 0.4849821118712425, 0.46542350308597086, 0.4461627471148968, 0.47043598498404027, 0.48384156566858294, 0.427571225553751, 0.43961492328345775, 0.437733002692461, 0.4259903731495142, 0.43496585290133954, 0.434608605787158, 0.40286121152341364, 0.41895820854604243, 0.4111729669868946, 0.40797042137384415, 0.41634537467360494, 0.4079840176552534, 0.4017739810049534, 0.4026567075401545, 0.39430884762108326, 0.40239037488400936, 0.3962533781081438, 0.38291480773687364, 0.4018359683454037, 0.419190626591444, 0.36783315750956536, 0.38446043445169925, 0.39282504718005656, 0.36986716018617155, 0.38177940315008163, 0.38431501027941706, 0.3472935401201248, 0.3595546027123928, 0.38162356466054914, 0.386543648853898, 0.3670532509535551, 0.3400130035877228, 0.34888012102991345, 0.358728255353868]
val_loss: [0.704518172834497, 0.5554080426450996, 0.5437025237470583, 0.465872708652597, 0.4062403344091769, 0.45607979210529664, 0.35562789508712467, 0.4194088899435952, 0.38899228747062015, 0.31699653088804514, 0.333808978654051, 0.3562430580107543, 0.4487671723062518, 0.3327654387615369, 0.6035800197732626, 0.4787534166818059, 0.5726098518248985, 0.4700447038945229, 0.5672946562625074, 0.5329750871162292, 0.7065755773098769, 0.5550106417423011, 0.6843044730420041, 0.5680831181482792, 0.580693483433317, 0.4837841375734713, 0.5095456468498433, 0.5121143176768564, 0.40861390319341573, 0.4752109148142625, 0.5545498999755664, 0.5484308967611302, 0.5627108132000382, 0.5000921096728361, 0.6951687011731655, 0.504062639612387, 0.28082509291470453, 0.29785853154523767, 0.42179050367118864, 0.445277642584702, 0.7771892093716842, 0.6305232309157858, 0.6977788851330503, 0.44379515014336784, 0.4114058739096128, 0.5778804281890312, 0.5976508632503924, 0.780389793287756, 0.584714591210766, 0.5780714789004706]
