train_acc: [64.675, 79.475, 83.975, 88.45, 92.225, 93.725, 95.05, 95.0, 96.375, 95.975, 96.875, 96.625, 97.4, 97.35, 97.75, 97.925, 97.925, 97.775, 97.45, 97.925, 97.775, 98.075, 98.175, 98.2, 98.125, 97.85, 98.625, 98.125, 98.5, 98.675, 98.225, 98.4, 98.65, 98.325, 98.7, 98.5, 97.975, 98.55, 98.525, 98.825, 99.05, 98.925, 98.55, 99.025, 99.05, 98.9, 99.025, 98.725, 99.15, 98.85]
val_acc: [72.86874154262517, 73.13937753463146, 85.85926928023363, 89.30987820864047, 83.69418132611638, 90.32476319350474, 84.70906628517079, 87.88903923189527, 93.09878211737647, 89.85115019265305, 86.6711772562525, 95.19621108575184, 89.44519619044819, 96.617050067659, 93.43707711061057, 90.79837616338459, 90.12178617691639, 87.8213802229245, 90.79837616338459, 78.82273342354533, 91.94857916102842, 94.9255751014885, 85.25033827434535, 96.34641407307171, 96.07577807848443, 93.43707713125846, 93.36941811196375, 87.95669823054209, 89.98646820027064, 90.5277401894452, 86.80649526387009, 89.10690120753803, 90.32476318318079, 96.54939104836428, 93.03112311872965, 92.89580512143601, 93.234100135318, 96.07577807848443, 91.47496617050068, 89.78349119400623, 94.5196210889597, 90.25710417421003, 92.96346414073072, 87.8213802229245, 95.53450608930987, 96.54939106901217, 94.04600811907984, 93.84303112313938, 93.23410012499406, 94.65493910690122]
train_loss: [1.0091718975305557, 0.7491998045444489, 0.6567591928243637, 0.5660231898725033, 0.482002394169569, 0.4430619865655899, 0.4031880304813385, 0.40694108355045316, 0.3647197030484676, 0.35509878487885, 0.3484689512103796, 0.3391091279834509, 0.3006653233170509, 0.31164152567088604, 0.2952594323903322, 0.280149702578783, 0.29615878061950207, 0.28694697681069375, 0.2905006796196103, 0.27989408038556574, 0.2796098475381732, 0.27265049847215417, 0.26999410770088433, 0.2766024686619639, 0.26135980218648913, 0.282761564463377, 0.2628598463758826, 0.25782348720729353, 0.25719020423293115, 0.254180299796164, 0.2639112762361765, 0.254648199275136, 0.25116765797138213, 0.25629954352229833, 0.25191627646237613, 0.25741944583505394, 0.24857509425282479, 0.2513537569567561, 0.2494066846445203, 0.23223364537209273, 0.2370320316180587, 0.23992789712548257, 0.24411506678164005, 0.23281808236986398, 0.2381685771867633, 0.23726754400879144, 0.2310601498261094, 0.24081757631152867, 0.23496668805927037, 0.23778884447366]
val_loss: [0.5762987356224628, 0.5031682165775635, 0.4190114160674512, 0.34084453688826066, 0.34605390398040997, 0.3011818108160215, 0.3509465477382701, 0.31292550453313794, 0.2499378759298015, 0.26869861995335037, 0.3229961658604897, 0.18558939149116793, 0.2778925422039664, 0.17759253879119322, 0.19994822064860748, 0.2350426386633487, 0.23141724808854888, 0.30285999755575466, 0.22046196926511188, 0.5002899281630174, 0.22013815132465028, 0.16311198263271576, 0.31698841519946175, 0.16563316022268973, 0.16365174803988697, 0.19575432436956605, 0.19889951905636408, 0.3385447998088816, 0.2635367918502494, 0.23331775775378386, 0.3564498685854859, 0.30216904800178557, 0.23532089373255616, 0.12328533418930271, 0.17880056529269328, 0.18774210741297317, 0.17737614263620363, 0.16762473804218359, 0.2198593615477398, 0.2588177196510106, 0.16939521703934637, 0.22570941493378924, 0.1842593838320856, 0.2718436235362848, 0.16698888390853053, 0.1532834337694074, 0.17032785262000094, 0.18754019176887401, 0.185757785914554, 0.16861224995172394]
