train_acc: [61.075, 69.575, 76.7, 70.85, 75.35, 76.7, 75.85, 76.725, 78.0, 78.175, 79.975, 81.75, 84.275, 85.4, 86.875, 86.9, 88.35, 88.25, 91.175, 89.175, 89.1, 89.45, 89.175, 91.175, 90.425, 91.0, 89.825, 91.1, 91.325, 91.65, 91.075, 91.125, 91.7, 92.3, 92.725, 92.775, 92.5, 92.8, 93.05, 93.575, 93.4, 93.9, 93.9, 93.6, 94.175, 94.85, 94.1, 94.625, 94.975, 94.05]
val_acc: [53.58592692828146, 78.89039242219215, 87.82138024357239, 67.72665764546684, 71.65087956440142, 72.32746954828863, 71.92151555640771, 75.43978348862335, 85.52097428958051, 88.43031123139377, 91.5426251691475, 92.28687415426252, 93.36941813261164, 94.31664411366712, 95.53450608930987, 92.82814614343708, 95.73748308525033, 96.00811907983761, 94.99323410013533, 96.00811905918972, 94.38430309166606, 97.09066303753885, 95.06089309878213, 84.43843030090746, 77.94316644113667, 79.09336941813261, 81.59675236290298, 87.21244925058905, 91.88092015721962, 96.00811907983761, 96.75236805462869, 93.5723951285521, 95.80514208389715, 92.15155615696888, 93.64005411687498, 96.00811907983761, 92.08389714799812, 91.6779431561172, 90.46008118047443, 86.60351826792963, 96.68470906630581, 98.10554801724115, 91.20433016558945, 96.82002705327551, 97.42895804109689, 96.68470905598187, 96.41407306139459, 94.79025709387092, 91.40730716152991, 94.99323408981138]
train_loss: [1.3408555604219436, 1.043870010137558, 0.9632769502997398, 1.0011615237593652, 0.863839259326458, 0.9265195398330689, 0.8013627865314483, 0.8994468118548393, 0.8607894648909569, 0.7484029074311256, 0.860601353764534, 0.7913224120140075, 0.8357180524468422, 0.7022273099422455, 0.7912908126115799, 0.7412448033094406, 0.7530937113761902, 0.7589018830060958, 0.7024002697765828, 0.7183448511064052, 0.692485528677702, 0.6371445212066174, 0.6694759313464165, 0.693476055085659, 0.6327149938344956, 0.6960184025168419, 0.683197870105505, 0.6509643546342849, 0.6982092326581478, 0.6258266651332378, 0.6451029124259948, 0.6037176386713982, 0.6528824231028557, 0.6079334822595119, 0.605522277534008, 0.614211787045002, 0.5981402768790722, 0.6126314652860164, 0.6423487362861633, 0.627035718947649, 0.6121574721336365, 0.5849239763617515, 0.5963613455593586, 0.580045527279377, 0.5502286179959774, 0.534770250916481, 0.6065053093731403, 0.558283683359623, 0.5658485738933087, 0.5041222196817398]
val_loss: [0.8954268134172617, 0.7187674631123936, 0.6149919159680162, 0.6184197741690444, 0.4723929732594342, 0.48628534503654147, 0.4688201019381638, 0.47384000792393666, 0.44414216874820134, 0.5352418876892013, 0.46234411892452165, 0.4699336974724059, 0.37217634049255566, 0.46046779230136187, 0.4219281863779112, 0.3924466757675953, 0.401336288036771, 0.3489249181178813, 0.3435975210753765, 0.34425605744809035, 0.37766277621196476, 0.3408327838393364, 0.3498684261725139, 0.550779210053213, 0.6220600300132019, 0.6185973615200335, 0.6136596584352331, 0.5133508176559202, 0.4092277787898003, 0.3173687216474174, 0.3107432262500665, 0.38029380688123676, 0.31913735043050795, 0.41695783004991416, 0.31530748918672696, 0.313546978602632, 0.3791224082203453, 0.31940608167156315, 0.3318422355050163, 0.37824933872090627, 0.27821891258832404, 0.2747524702298948, 0.31285111031448404, 0.3425600228576602, 0.3014116750901542, 0.28167352258796136, 0.2625115422761327, 0.2707346306965058, 0.3045599963793251, 0.29988590976745094]
