train_acc: [59.8, 81.175, 89.35, 92.775, 93.825, 95.45, 96.35, 96.35, 96.5, 96.8, 96.975, 97.1, 97.1, 97.4, 97.425, 96.875, 97.475, 97.85, 97.575, 97.45, 97.675, 97.575, 97.75, 97.925, 97.7, 97.825, 97.75, 98.1, 98.1, 98.1, 98.45, 97.7, 98.075, 98.375, 97.975, 98.475, 97.95, 98.45, 98.425, 98.225, 98.2, 98.45, 98.675, 98.425, 98.2, 98.425, 98.375, 98.9, 98.55, 98.675]
val_acc: [74.35723950769324, 81.05548037372841, 84.30311231393776, 84.84438429278838, 87.4830852296904, 84.7767253044655, 93.57239511822816, 85.38565629228687, 89.24221921515561, 90.79837617370853, 85.45331529093369, 90.79837618403248, 98.37618403247632, 98.6468200270636, 89.85115019265305, 83.22056833558864, 82.34100135317998, 87.82138023324845, 97.6319350473613, 97.56427602806659, 97.97023001994751, 98.24086603518268, 97.22598105548037, 98.10554803788904, 98.9851150202977, 86.60351825760569, 96.82002706359945, 98.51150202976996, 98.57916102841678, 95.19621109607577, 96.68470906630581, 98.91745602165088, 98.17320703653586, 98.10554803788904, 98.78213802435724, 89.78349120433018, 97.15832205683355, 96.9553450608931, 95.33152907272154, 92.62516912684873, 96.00811907983761, 98.3085250338295, 97.83491204330176, 96.00811907983761, 94.11366711772666, 98.17320703653586, 96.9553450608931, 95.46684709066305, 97.02300405953991, 97.49661705006766]
train_loss: [0.9791696524620056, 0.6884463813304901, 0.5352162566184998, 0.4288566536605358, 0.38890845942497254, 0.34884706166386603, 0.3021739450395107, 0.3092286880612373, 0.2889926212951541, 0.2804892578944564, 0.2719658443853259, 0.2551679632589221, 0.25557412940263746, 0.24714409159868955, 0.23854091694951057, 0.24942055355757475, 0.23411793848127127, 0.22368342038989067, 0.2324185176193714, 0.22594614151865244, 0.22136288590356706, 0.22171335095912217, 0.20886596988514067, 0.21353811895102262, 0.21943129432573916, 0.20269632853195071, 0.20752639749646187, 0.1964779031649232, 0.20033706618472935, 0.20183026786893607, 0.19107579880207776, 0.20292955688387154, 0.19365998777002097, 0.1892896569892764, 0.19154146839305758, 0.1784480972290039, 0.1960563196092844, 0.18522382273525, 0.18787435348704457, 0.18868947695195676, 0.18052913140878082, 0.18028124526143074, 0.1763216179870069, 0.1797513135559857, 0.18098151633143425, 0.17919172739237546, 0.17777334796264768, 0.1687624720670283, 0.1678005978949368, 0.16633601879701018]
val_loss: [0.6899433134373212, 0.48213902160182537, 0.40670015799015236, 0.3603171733622622, 0.3395299206163951, 0.3588646807593164, 0.24954273873317548, 0.3833815421964545, 0.27836139502157536, 0.24676846621081697, 0.30128742595164154, 0.2340832305857874, 0.13819886687563301, 0.14067145665863048, 0.2499509967349379, 0.3613783240076331, 0.3793950155478208, 0.2645682975932129, 0.154230800025034, 0.1393238082628934, 0.131482247742087, 0.13512409814155796, 0.16024103490522332, 0.11320333069893601, 0.10543475303098217, 0.2963751874692708, 0.1358415312631527, 0.10849331518955256, 0.11256472422603987, 0.18897275477446143, 0.14524705525543113, 0.10784590373342512, 0.11376155913884327, 0.10486630844368179, 0.09281471103470122, 0.2603316636345222, 0.13784213224993022, 0.12790522405799573, 0.16944098443357483, 0.22421205731383517, 0.14702556523241112, 0.11951153550967474, 0.12696579168267114, 0.15428963861099276, 0.1732837744258818, 0.11548480534162348, 0.13361211301549683, 0.15252766503129503, 0.12751997532436424, 0.11496802295415746]
