train_acc: [61.35, 74.45, 76.1, 83.35, 87.2, 90.8, 92.85, 93.4, 93.8, 95.3, 95.6, 96.0, 96.1, 95.45, 95.6, 96.5, 96.7, 97.25, 96.8, 96.85, 97.25, 97.25, 97.5, 97.8, 97.05, 97.95, 97.55, 97.7, 97.4, 97.65, 98.3, 98.0, 98.4, 97.9, 98.15, 98.25, 98.1, 98.05, 98.25, 98.25, 97.85, 98.65, 98.85, 98.45, 98.15, 98.2, 98.85, 98.4, 98.35, 98.6]
val_acc: [76.45466847090663, 71.10960757780785, 81.66441136671178, 75.43978349120432, 80.51420838971583, 79.76995940460081, 81.93504736129906, 85.58863328822733, 83.82949932341002, 88.15967523680649, 92.69282814614344, 94.65493910690122, 98.57916102841678, 98.3085250338295, 98.78213802435724, 98.6468200270636, 98.03788903924222, 99.12043301759134, 99.39106901217862, 99.39106901217862, 97.90257104194858, 99.12043301759134, 99.05277401894452, 99.18809201623816, 98.37618403247632, 99.05277401894452, 98.9851150202977, 99.18809201623816, 99.25575101488498, 99.45872801082544, 99.39106901217862, 99.3234100135318, 99.25575101488498, 98.9851150202977, 99.05277401894452, 99.12043301759134, 99.12043301759134, 99.25575101488498, 99.3234100135318, 98.6468200270636, 97.56427604871448, 99.25575101488498, 98.91745602165088, 99.12043301759134, 98.91745602165088, 99.45872801082544, 98.9851150202977, 99.05277401894452, 99.12043301759134, 99.25575101488498]
train_loss: [1.8969557230472565, 1.5527729341983796, 1.4692645427584647, 1.3722122898101807, nan, nan, nan, nan, nan, nan, nan, nan, nan, nan, nan, nan, nan, nan, nan, nan, nan, nan, nan, nan, nan, nan, nan, nan, nan, nan, nan, nan, nan, nan, nan, nan, nan, nan, nan, nan, nan, nan, nan, nan, nan, nan, nan, nan, nan, nan]
val_loss: [0.6719715783173402, 0.5148477275252181, 0.40126339163686653, 0.4505739998631936, 0.34852567468347667, 0.32135265638121735, 0.3246564892132002, 0.29052276796433213, 0.28728394963462234, 0.25998560249482827, 0.21980143832458696, 0.18373610083321273, 0.1266104687655569, 0.1313269302521168, 0.11852002922692544, 0.09488975634755559, 0.12196516640817039, 0.0857402543727616, 0.0796912512584452, 0.06861987285295827, 0.12645344671078723, 0.08580032344882317, 0.09234548154941108, 0.07028517424203304, 0.11472030858104704, 0.09564353295769518, 0.09351387271387893, 0.07039640009836753, 0.07692933557945757, 0.07430833690523779, 0.06970408232693581, 0.07750171526298633, 0.06260143052811794, 0.08410455449830857, 0.08774846673253747, 0.07952391135434497, 0.08141374308237849, 0.07285763785565658, 0.06993339539925203, 0.09977435864538398, 0.1061205413893208, 0.07209276977588747, 0.0826809053360932, 0.07830277902448451, 0.08261528960019551, 0.06717736551258335, 0.08421876035499637, 0.07861294373567437, 0.08571746237122319, 0.07416856475426477]
