train_acc: [58.15, 73.55, 73.9, 78.75, 83.1, 86.6, 89.55, 92.15, 93.5, 94.3, 94.9, 96.3, 95.55, 96.35, 96.05, 96.9, 96.8, 96.25, 96.75, 96.35, 96.95, 97.7, 97.85, 96.7, 97.4, 97.4, 97.5, 98.35, 97.65, 97.4, 97.8, 97.0, 97.8, 98.7, 98.3, 97.65, 98.1, 98.55, 97.85, 98.45, 98.2, 98.6, 97.65, 98.45, 98.8, 98.3, 98.65, 98.55, 98.2, 98.45]
val_acc: [81.3937753721245, 76.52232746955345, 73.00405953991881, 75.57510148849796, 78.75507442489851, 92.96346414073072, 92.96346414073072, 93.09878213802436, 95.80514208389715, 96.75236806495263, 99.12043301759134, 98.9851150202977, 95.06089309878213, 99.45872801082544, 98.17320703653586, 99.45872801082544, 99.52638700947226, 99.12043301759134, 99.25575101488498, 99.12043301759134, 99.39106901217862, 98.6468200270636, 99.39106901217862, 99.3234100135318, 99.45872801082544, 99.45872801082544, 99.18809201623816, 99.25575101488498, 99.25575101488498, 99.3234100135318, 99.18809201623816, 99.52638700947226, 99.25575101488498, 99.39106901217862, 99.45872801082544, 99.3234100135318, 99.25575101488498, 99.12043301759134, 99.3234100135318, 99.3234100135318, 99.39106901217862, 99.39106901217862, 99.52638700947226, 99.3234100135318, 99.45872801082544, 99.45872801082544, 99.18809201623816, 99.3234100135318, 99.18809201623816, 99.39106901217862]
train_loss: [0.9556731508970261, 0.7146257070899009, 0.6458553249239921, 0.5816796370148659, 0.5255753636062145, 0.47409280145168303, 0.4327901187837124, 0.38783665558695796, 0.35311324751377104, 0.31582366770505904, 0.30092530643939974, 0.2801676390767098, 0.28346806317567824, 0.25935154131054877, 0.255195586964488, 0.24478146627545358, 0.24429089145362376, 0.240153557240963, 0.23228313372284173, 0.234241410844028, 0.22737563708424569, 0.2041764954328537, 0.1984974943473935, 0.21052056266367436, 0.19765287481993438, 0.2036446488648653, 0.19391804250329733, 0.17998623471707106, 0.18863503662496806, 0.19621823827177287, 0.1857511352747679, 0.18674238563328982, 0.1733373758122325, 0.1632619868218899, 0.16409716229885818, 0.17446955758705734, 0.16817757616192103, 0.15874649226665496, 0.17853403172641993, 0.15613079084455966, 0.1634614240154624, 0.15457297344505788, 0.17547475230693818, 0.1489772594794631, 0.14924358815699815, 0.1598123752437532, 0.14806466266885399, 0.1574829278215766, 0.15311465154960752, 0.1469543728902936]
val_loss: [0.5709979959608577, 0.4301693677922386, 0.4285683409891851, 0.4193643787636325, 0.381232199512412, 0.3174920064952925, 0.26167207619071975, 0.2616767654742375, 0.22363803534187549, 0.21608461346855345, 0.21148895849354052, 0.1982069928123438, 0.2272850474965266, 0.15595659042969448, 0.18526967181364157, 0.1461714124344844, 0.13183354655928475, 0.14866972936970133, 0.14504438889728347, 0.14943182687193196, 0.1113654143846164, 0.15772895096058936, 0.10347596510579364, 0.11626705782379607, 0.09461696100130133, 0.09532232889061207, 0.09402311923982971, 0.08683843486747013, 0.09924398568308886, 0.09116417754325556, 0.08673285895577948, 0.08080637658138398, 0.07664172820172226, 0.0801550563681916, 0.07991193863027635, 0.09330911732232135, 0.08411772475553946, 0.08798342172424428, 0.09302442830877633, 0.08457137315618492, 0.06942360986311477, 0.07350765746364091, 0.08491131976367818, 0.07986817035083035, 0.08124605026877459, 0.07362969872996675, 0.07641721912061088, 0.07274048533467059, 0.07901965022208081, 0.081726790891005]
