train_acc: [54.475, 76.1, 78.175, 82.15, 86.4, 91.9, 91.425, 94.075, 94.775, 95.15, 95.275, 95.65, 96.15, 96.0, 96.35, 96.125, 96.775, 95.9, 96.875, 96.075, 97.05, 97.175, 97.325, 97.325, 96.975, 97.675, 97.425, 97.925, 97.475, 97.8, 97.575, 97.5, 98.0, 98.15, 97.7, 97.675, 97.95, 98.15, 97.95, 97.875, 97.95, 98.2, 97.8, 97.95, 98.025, 98.475, 98.55, 98.35, 98.275, 97.975]
val_acc: [60.081190798376184, 70.50067658998647, 60.554803788903925, 69.01217861975643, 73.95128551581232, 74.96617049551462, 73.34235453315291, 73.34235453315291, 73.68064952638701, 71.58322056833559, 72.12449255751015, 76.31935047361299, 75.98105548037888, 75.7104194857916, 68.53856562922869, 74.49255751014886, 76.18403247631935, 75.84573748308524, 73.68064952638701, 71.58322056833559, 73.88362652232748, 74.22192151556158, 74.08660351826794, 71.44790257104195, 73.68064952638701, 73.68064952638701, 73.2746955345061, 75.57510148849796, 72.80108254397835, 74.56021650879568, 75.23680649526386, 74.9661705006766, 75.84573748308524, 74.83085250338296, 74.15426251691476, 76.45466847090663, 74.76319350473614, 76.7253044654939, 74.69553450608932, 74.9661705006766, 74.49255751014886, 76.99594046008119, 75.64276048714478, 74.9661705006766, 73.68064952638701, 75.84573748308524, 73.9512855209743, 75.3721244925575, 74.49255751014886, 75.84573748308524]
train_loss: [1.2002201153635979, 0.8896851066350937, 0.8056412915587425, 0.7517472099661827, 0.6751208801865578, 0.5631734496057034, 0.5591760647892952, 0.5041680779457093, 0.4559816991835833, 0.4570226303786039, 0.42778020472824574, 0.43141899986565113, 0.4445624018460512, 0.4252447628825903, 0.42024064615368845, 0.4220727050900459, 0.39566383871436117, 0.41843937353789806, 0.3816390575170517, 0.3993221006244421, 0.39601567706465723, 0.37766148683428763, 0.37144657562673095, 0.38317880426347256, 0.39432120297849177, 0.3429339083880186, 0.38584509103000164, 0.3642938961982727, 0.3843709289878607, 0.38113158026337624, 0.34413858215510845, 0.3782914202362299, 0.371812256231904, 0.35626336151361465, 0.3543577618226409, 0.3617313118726015, 0.355259194470942, 0.369977400906384, 0.3551703342795372, 0.33212625164538623, 0.34092079871147873, 0.3310381489098072, 0.3461000930741429, 0.3424001789018512, 0.3524004144966602, 0.3157609430477023, 0.32293526258319616, 0.3239654334038496, 0.341014912456274, 0.3404049795046449]
val_loss: [0.8357267892731703, 0.6300913391481072, 0.7943080623353125, 0.6623498545770555, 0.5708182162538433, 0.6302082448673506, 0.7539159068799954, 0.8308148061874271, 0.7881822229964162, 0.8822731960448909, 0.8727495952210665, 0.7856029757829093, 0.7701045960308895, 0.8258468959989664, 1.0215684751373828, 0.9197694808043065, 0.9475789629880728, 0.9161190520039431, 0.8888974584971777, 0.8682597692506401, 0.8536608936378534, 0.7618073579503655, 0.7665364862254572, 0.9834480192487068, 0.7861217097637618, 0.8725411952832394, 0.9235491623978492, 0.8345295013771651, 0.8146307551893072, 0.7727707425618849, 0.8499603215831865, 0.8264842239663469, 0.9245237708495014, 0.8971554026693227, 0.8700123244999871, 0.8280201692723937, 0.9856675160148953, 0.9295680635836837, 0.9467364630292653, 0.7829290774823525, 0.9806356115899325, 0.8226329524962279, 1.0531099383518887, 0.7674243333314688, 0.8358108814256279, 0.9246033163935309, 1.0161772813340486, 0.9284671669742736, 0.8252397933634595, 0.9583362358873042]
