train_acc: [55.25, 72.7, 76.7, 80.85, 84.75, 88.75, 90.95, 91.5, 93.8, 94.2, 93.75, 94.25, 96.15, 95.4, 96.55, 96.0, 96.15, 96.65, 97.65, 97.0, 96.9, 96.95, 96.85, 97.4, 97.2, 96.95, 97.7, 97.8, 96.95, 97.9, 96.95, 98.2, 97.4, 97.3, 97.45, 98.05, 98.15, 98.05, 98.7, 98.2, 98.1, 98.05, 97.65, 98.3, 98.0, 98.05, 98.1, 98.25, 98.1, 98.4]
val_acc: [76.31935047361299, 70.83897158322057, 72.53044654939107, 75.10148849797022, 77.67253044654939, 79.43166441136671, 77.74018944519621, 81.46143437077131, 82.47631935047362, 83.96481732070366, 80.10825439783491, 84.91204330175914, 87.61840324763193, 93.64005412719892, 96.68470906630581, 89.71583220568336, 97.90257104194858, 95.73748308525033, 97.22598105548037, 97.02300405953991, 98.10554803788904, 97.49661705006766, 97.9702300405954, 98.10554803788904, 98.9851150202977, 97.15832205683355, 97.36129905277402, 96.617050067659, 98.10554803788904, 98.84979702300406, 98.71447902571042, 97.90257104194858, 99.12043301759134, 99.18809201623816, 98.44384303112314, 98.91745602165088, 98.6468200270636, 98.37618403247632, 97.90257104194858, 98.10554803788904, 98.78213802435724, 98.84979702300406, 98.03788903924222, 98.9851150202977, 98.91745602165088, 98.91745602165088, 98.78213802435724, 98.6468200270636, 97.83491204330176, 98.84979702300406]
train_loss: [1.013654540657997, 0.7537155510783196, 0.656067109644413, 0.5838363610804082, 0.5226814976632596, 0.4551531937122345, 0.4024411309361458, 0.4011990010142326, 0.3596493412256241, 0.343522018134594, 0.35380983039736746, 0.33964362582564356, 0.28649458587169646, 0.29773256497085093, 0.2812466312050819, 0.28112220877408983, 0.28145955090224745, 0.2675898487269878, 0.24871110713481903, 0.2671622560322285, 0.26012142768502233, 0.2486650108098984, 0.2537285408526659, 0.23979582756757736, 0.24394355843961238, 0.24987468628585338, 0.22597609594464302, 0.22482142923772336, 0.2335619864165783, 0.2205657162964344, 0.23316849875450135, 0.21786814512312414, 0.23180611741542817, 0.21526313464343547, 0.22679662890732288, 0.21039661030471324, 0.21237915061414242, 0.21129824374616146, 0.19404885463416577, 0.2023527245372534, 0.2127069321870804, 0.20652498039603234, 0.2069669897556305, 0.19737037132680416, 0.20089189141988753, 0.19897080381214619, 0.20625519433617592, 0.19444796553254126, 0.2015801245570183, 0.19236309081315994]
val_loss: [0.7019194703302138, 0.5294687104321946, 0.49289065010654104, 0.47041186832486376, 0.506321386450521, 0.45065474563627345, 0.5334972953965764, 0.3373546210774227, 0.3556820753664383, 0.31420468407933866, 0.3986182973212254, 0.2752176574727518, 0.24959315142829944, 0.20185871666274632, 0.18928835739624839, 0.22719644246993434, 0.13801396059953633, 0.18033461403782217, 0.15971604897987213, 0.1671117144927927, 0.14639248664166996, 0.15162874563661416, 0.13204230619682672, 0.11974287384437934, 0.10831020105030281, 0.14563486582431967, 0.13129668979223752, 0.11705012486917402, 0.11588863269785099, 0.10100995136755084, 0.08921790156508412, 0.1155839212521084, 0.08435903011704007, 0.08773919521592789, 0.10417196893099197, 0.0923458265596862, 0.1055865599792728, 0.11624522103911647, 0.12382537773804025, 0.11379108785151307, 0.08551366980589614, 0.09522806373153875, 0.10047799213228593, 0.0814259426569987, 0.0968476406957687, 0.10265398239250596, 0.11178177259408734, 0.10703122091551434, 0.12416498232960539, 0.09540077152186865]
