train_acc: [52.975, 78.05, 80.6, 83.975, 84.425, 86.725, 88.325, 90.975, 92.875, 94.325, 95.45, 96.1, 96.425, 97.0, 96.9, 96.925, 97.8, 97.1, 97.65, 97.875, 97.35, 98.125, 98.1, 98.275, 98.325, 98.1, 98.35, 98.425, 98.825, 98.3, 98.975, 98.4, 98.825, 98.475, 98.275, 98.775, 98.675, 98.925, 98.5, 98.675, 99.05, 98.525, 99.075, 99.1, 99.075, 98.975, 99.025, 98.825, 99.175, 98.925]
val_acc: [63.05818673883626, 75.64276048714478, 71.85385656292287, 79.76995940201982, 78.6874154236707, 82.47631934789263, 75.23680649526386, 86.19756427604871, 95.46684708033911, 94.38430311231394, 89.98646819768965, 95.0608930884582, 83.3558863277203, 97.22598104515643, 97.97023001994751, 98.57916100776889, 97.29364004380325, 97.02300404921597, 96.41407306139459, 97.09066304786279, 97.15832204650961, 97.56427602806659, 97.15832204650961, 96.48173207036535, 97.90257103162463, 96.07577807332247, 95.94046008119079, 94.99323409497335, 97.90257103162463, 97.49661703974371, 98.44384301047525, 97.29364004380325, 97.63193503703735, 96.75236805462869, 93.91069011662422, 98.37618401182843, 98.03788901859433, 96.48173207036535, 95.66982408144155, 96.617050067659, 97.97023003027145, 95.19621109607577, 94.1813261112115, 98.17320702621191, 97.42895804109689, 96.14343707713125, 96.82002705327551, 95.33152909336941, 93.1664411315092, 96.75236805462869]
train_loss: [1.0327773712873458, 0.7779567128419876, 0.6515594912767411, 0.5856381987333298, 0.5499643898010254, 0.5148150562644005, 0.48248598957061767, 0.435939797103405, 0.40482488951087, 0.3639190154671669, 0.3442421236336231, 0.3247558101415634, 0.3025801056921482, 0.293779740691185, 0.2807378471046686, 0.2741380503177643, 0.2579248350262642, 0.258235617429018, 0.24725260265171528, 0.24112275663018226, 0.243051615819335, 0.22394907483458518, 0.22806610091030596, 0.21830971029400825, 0.21104640389978885, 0.20816125780344008, 0.20768060685694217, 0.20752630108594894, 0.19467742758989334, 0.20206896978616715, 0.1879319604933262, 0.1997338126450777, 0.19091250176727773, 0.19092588782310485, 0.19132190733402968, 0.1873605552315712, 0.18798210461437703, 0.18276300816237925, 0.18760898727178574, 0.18166121338307858, 0.17532060967385768, 0.18079403918981551, 0.16895310460776092, 0.16841360086202622, 0.1684499110430479, 0.17072313216328622, 0.17475763404369354, 0.17352841551601886, 0.16451490991562606, 0.16901616833359004]
val_loss: [0.9725583062604252, 0.6737306713251364, 0.584697444642187, 0.5289059327322995, 0.5091915192720209, 0.48589469744484864, 0.5071879776146803, 0.42985891198918363, 0.33806399442507545, 0.347250816544596, 0.372713176258846, 0.3048934525582077, 0.40273550854484186, 0.26465080313495437, 0.23038464308752904, 0.21811506934514388, 0.225906278106292, 0.2276015920874553, 0.23149994461317025, 0.21268572193521285, 0.22859004910163208, 0.2232271663955487, 0.21225985354354482, 0.21898027839131542, 0.19979976123660118, 0.23994466910423543, 0.2364177201573355, 0.22491963461787517, 0.18072471579130997, 0.19291582945557828, 0.1783111814071748, 0.17960920472187022, 0.17895384929338232, 0.20455425645001687, 0.22682751757527558, 0.15068093609664696, 0.17125915144147988, 0.1835664171569241, 0.21959544589216234, 0.19912866084598238, 0.16273890230023327, 0.216280443661913, 0.2293796784500308, 0.1483851956740445, 0.1813948310720098, 0.17758170802635173, 0.18129017412743162, 0.21661760306164762, 0.23686767174926598, 0.1839668890095854]
