train_acc: [53.075, 79.7, 82.625, 85.725, 87.225, 89.2, 91.35, 92.525, 94.25, 95.625, 95.675, 95.85, 95.825, 96.375, 96.55, 96.575, 97.125, 97.4, 97.45, 97.3, 98.075, 97.825, 97.625, 97.8, 98.275, 98.325, 98.325, 99.05, 98.775, 98.175, 98.7, 98.3, 98.85, 98.55, 98.35, 98.825, 98.8, 98.95, 98.6, 98.675, 98.875, 99.05, 99.0, 98.85, 99.425, 99.0, 99.225, 99.0, 98.975, 99.2]
val_acc: [63.39648173207036, 81.79972936400542, 76.45466846574466, 88.8362652232747, 88.02435723951285, 82.61163734260528, 89.851150202977, 92.35453315290934, 89.37753721244925, 91.61028416779432, 92.5575101488498, 95.33152909336941, 96.21109606545413, 96.21109607577807, 93.43707713125846, 95.0608930884582, 93.5723951285521, 95.66982407627957, 89.58051420322775, 98.10554802756509, 97.56427603839053, 91.2043301759134, 95.66982408660351, 97.63193503703735, 97.69959403568417, 95.66982407627957, 97.97023003027145, 95.66982408660351, 97.02300404921597, 96.68470905598187, 94.5872801082544, 97.56427603839053, 89.78349119916821, 98.37618401182843, 93.64005412719892, 96.34641406274777, 92.76048714479026, 93.77537212449256, 92.69282814614344, 95.60216508795669, 98.17320702621191, 97.22598105548037, 96.41407307171853, 95.12855209742895, 96.41407307171853, 94.72259810554804, 93.1664411315092, 98.17320701588797, 94.18132611637348, 94.11366711772666]
train_loss: [1.001266348838806, 0.7536879097819328, 0.6380972576141357, 0.5592267416119575, 0.5094136475026607, 0.4653227865099907, 0.4259615752100945, 0.4008928391635418, 0.36658224830031394, 0.34263594779372214, 0.3216580051481724, 0.31731602573394774, 0.3011403856426477, 0.28740900292992594, 0.28203052905201914, 0.27451784877479074, 0.2564477846473455, 0.2504144915640354, 0.2424125339984894, 0.2372196506112814, 0.2307266049683094, 0.22505437238514422, 0.22173840196430683, 0.2175296663492918, 0.20891595213115216, 0.20794805962592364, 0.20373865078389644, 0.19112140415608883, 0.19330191282182932, 0.1979813550412655, 0.18945846812427045, 0.19551730320602656, 0.1850274500697851, 0.18933348934352398, 0.18888705851137638, 0.17770831435918807, 0.18234619306027888, 0.17209905570745468, 0.17522851082682608, 0.17797309596836566, 0.17090060479938984, 0.16626162768900393, 0.16501090779155492, 0.1654598136022687, 0.16146077338606118, 0.1633025900274515, 0.1592789111509919, 0.16260332776606082, 0.1599889742359519, 0.15859003328531981]
val_loss: [0.9148192057267578, 0.7079635905316137, 0.5865543758111007, 0.524807544619208, 0.4563406975246734, 0.47081472251831435, 0.38185295369854155, 0.3519518921436573, 0.39611902173623664, 0.33815932800143916, 0.2801891827857543, 0.28382025330411886, 0.25878269758695516, 0.25484643801945955, 0.2698556217031001, 0.2768187370650339, 0.2945941656787599, 0.2632792456748521, 0.30937431323189535, 0.21990702407124563, 0.1979077657399868, 0.28543957771483874, 0.24077016605172655, 0.19936201577257562, 0.1932847162101201, 0.23458795119404632, 0.17607375660833066, 0.2092367783491279, 0.19858513028437777, 0.21709733705398032, 0.21468671997038696, 0.18660253913460628, 0.3140227740204544, 0.16184489233406696, 0.238612727681742, 0.21106196907682898, 0.24181941845258936, 0.22295649761034123, 0.23584036748851264, 0.201920889469219, 0.14381157955676518, 0.184555697808085, 0.19804477727945505, 0.20954999374036698, 0.18085481752723415, 0.20455969855975717, 0.2304309665229227, 0.1610262612730305, 0.21290111124354222, 0.2062475615167166]
