train_acc: [44.35, 68.5, 73.9, 77.35, 79.6, 78.4, 81.95, 83.65, 83.85, 85.1, 87.8, 89.15, 88.8, 89.75, 90.75, 92.5, 91.95, 93.1, 94.45, 95.05, 93.85, 94.5, 94.75, 95.5, 95.65, 95.55, 95.2, 95.7, 96.05, 95.85, 96.25, 96.8, 96.15, 96.3, 96.7, 96.35, 96.3, 97.25, 96.75, 97.1, 96.85, 97.4, 97.0, 97.35, 97.1, 97.0, 96.6, 98.2, 97.25, 97.3]
val_acc: [39.783491204330176, 69.89174560216509, 84.91204330175914, 89.71583220568336, 91.47496617050068, 92.08389715832206, 92.42219215155616, 92.96346414073072, 93.70771312584574, 93.30175913396482, 93.97834912043302, 93.43707713125846, 96.14343707713125, 96.68470906630581, 94.38430311231394, 96.88768606224627, 97.22598105548037, 99.05277401894452, 81.12313937753721, 87.61840324763193, 96.07577807848443, 98.9851150202977, 94.04600811907984, 98.91745602165088, 97.22598105548037, 94.31664411366712, 98.78213802435724, 98.3085250338295, 99.25575101488498, 98.24086603518268, 96.54939106901217, 98.9851150202977, 98.71447902571042, 98.71447902571042, 99.05277401894452, 98.91745602165088, 98.78213802435724, 98.91745602165088, 98.6468200270636, 98.91745602165088, 98.37618403247632, 98.03788903924222, 99.25575101488498, 95.66982408660351, 98.91745602165088, 98.37618403247632, 99.12043301759134, 99.25575101488498, 98.78213802435724, 99.18809201623816]
train_loss: [1.1117536299228667, 0.9390487487316131, 0.8014158194065094, 0.7281079272627831, 0.6541119488477707, 0.669316267311573, 0.6330682660341262, 0.586710786819458, 0.5788563151955605, 0.5735060378313065, 0.5221496171951294, 0.517143369615078, 0.5107884842157364, 0.49822250470519064, 0.4911633834838867, 0.45483911633491514, 0.45888989317417145, 0.44236304312944413, 0.41682398855686187, 0.41140234434604644, 0.4263509786128998, 0.4080562878549099, 0.40533288779854776, 0.3920422219336033, 0.38083829641342165, 0.37658794376254084, 0.38068300941586497, 0.36341212028265, 0.36437711638212206, 0.3634228014051914, 0.3518834304213524, 0.3427550148665905, 0.3589911426305771, 0.3383780811131, 0.3294710099995136, 0.33614262074232104, 0.3334016704261303, 0.32458184626698494, 0.3211153202056885, 0.31031769001483916, 0.3147399745285511, 0.3019156103134155, 0.3014074726700783, 0.30387663704156875, 0.31381597682833673, 0.3029001373648644, 0.3048136105835438, 0.2941792433261871, 0.303572606831789, 0.29522627404332163]
val_loss: [1.0791959165720237, 0.809278132265411, 0.5360007787549286, 0.4383104625025686, 0.4080451066342355, 0.356653886735036, 0.3660584586560323, 0.28241578234468, 0.2616042444968901, 0.2753496063578274, 0.28202374223039983, 0.2704876850236898, 0.2320951132232346, 0.23998894172447138, 0.31164095727210117, 0.24209949664559835, 0.20598889193692937, 0.2110691369184783, 0.35388806653845456, 0.2948606009916459, 0.23581398852139268, 0.21957786175572339, 0.26328103317903084, 0.1930371543672314, 0.2372771638857657, 0.274030244338335, 0.20177898832240188, 0.2313145983848262, 0.1795160536917685, 0.22571280241738476, 0.25968766938365684, 0.155691958963871, 0.2073666249705587, 0.18019064559181586, 0.19653902607131876, 0.17337023941686577, 0.18266677632625436, 0.17425326835641358, 0.16007335088814387, 0.16917378720556447, 0.18124113779348675, 0.1940810921147002, 0.1788828075537017, 0.21867719661641025, 0.16583302106925052, 0.19118729416225533, 0.17329964491366048, 0.13670834452317113, 0.16545055486029958, 0.14540899162847393]
