train_acc: [64.45, 78.125, 86.8, 90.15, 93.9, 95.5, 96.6, 97.825, 97.375, 98.125, 97.9, 98.425, 98.225, 98.25, 98.6, 98.55, 98.7, 98.95, 98.8, 99.05, 98.975, 98.875, 99.025, 99.2, 99.225, 99.225, 99.375, 99.2, 99.125, 99.325, 99.4, 99.5, 99.45, 99.6, 99.4, 99.425, 99.675, 99.45, 99.6, 99.625, 99.75, 99.525, 99.475, 99.7, 99.75, 99.625, 99.675, 99.475, 99.625, 99.7]
val_acc: [70.56833558863329, 72.19215155615697, 77.06359945614703, 79.83761840324763, 80.24357238480461, 88.83626521295075, 91.74560214444007, 92.0162381493513, 95.26387007407472, 95.19621109607577, 91.61028414714643, 96.2787550744249, 95.06089307813426, 95.60216507763275, 86.60351824728174, 97.42895805142084, 96.9553450608931, 96.34641407307171, 88.63328820668634, 93.64005410655103, 89.64817318638865, 90.39242217150367, 89.30987819315455, 90.93369416067823, 86.26522327469553, 87.95669823054209, 90.46008118047443, 85.31799728331612, 90.66305817641489, 87.75372123460163, 91.40730717185386, 92.01623815967524, 90.59539918809202, 95.26387009472259, 85.25033829499323, 96.617050067659, 91.20433015526551, 94.9255751014885, 90.93369418132612, 96.75236806495263, 88.22733421480542, 88.49797021971665, 95.66982408660351, 95.87280108254397, 91.13667117726658, 92.82814614343708, 92.08389715832206, 97.15832205683355, 89.10690119721409, 90.66305817641489]
train_loss: [0.9137171626091003, 0.6193642080426216, 0.48204010325670243, 0.4091455490291119, 0.3328895091861486, 0.28752181167900565, 0.2616784366518259, 0.22872705885767936, 0.22626597659289838, 0.20294620019197465, 0.1992920948266983, 0.1831647889241576, 0.1909133330732584, 0.1820681583955884, 0.1746422418579459, 0.16590071211010218, 0.16385694367438555, 0.16069680876284836, 0.1564273017719388, 0.1504492277354002, 0.14397626463323832, 0.1494016157388687, 0.13909878969937564, 0.1344388660080731, 0.14072285991907119, 0.13500789950788022, 0.13212391298264264, 0.12545579474419355, 0.13229125356674196, 0.12710252004861833, 0.12180696500837802, 0.12719157026335598, 0.1215435437336564, 0.11992405419051647, 0.1212066552825272, 0.11816638132929802, 0.11671687233448029, 0.12353474308177828, 0.1163712354991585, 0.11544509352371096, 0.10945879386737943, 0.11608069288358093, 0.10826525236293673, 0.11241342863440514, 0.10520483694598079, 0.11074215139076114, 0.10164230613783001, 0.1073208738155663, 0.10917910857498646, 0.1053494322784245]
val_loss: [0.6539289150412254, 0.544957961539293, 0.5346554538716483, 0.4751562100705339, 0.40220038405290637, 0.3078364907928991, 0.2857959606005471, 0.2779161703844677, 0.24263074633152462, 0.21159139832075943, 0.2729142056589036, 0.19031552661900913, 0.21800086329689852, 0.18960782509493732, 0.32814415225681015, 0.15543811170432179, 0.17777949222773112, 0.19357335966720632, 0.2721051711069876, 0.21293609759723706, 0.24580669167157923, 0.2593074890813905, 0.2595907195051565, 0.23739734536014165, 0.2967489861627393, 0.2853426054745146, 0.24687023448766648, 0.30739517540183214, 0.2291521078557865, 0.27189434157414755, 0.23505875238385027, 0.22714194262221316, 0.24324657404051744, 0.18146267164301969, 0.32034755912540086, 0.16012167366012345, 0.23056089942606925, 0.19070732410044405, 0.2445595464461227, 0.15639208989149825, 0.27975845822865325, 0.257505549236386, 0.1554511363072389, 0.16782800836113052, 0.22426673265852043, 0.19895539551731375, 0.2168594451774925, 0.1412896796839163, 0.24870166433559218, 0.2303792454292229]
