train_acc: [31.25]
val_acc: [19.553450608930987]
train_loss: [1.1443998217582703]
val_loss: [1.1139404605948071]
