train_acc: [55.65, 79.85, 88.0, 92.375, 94.0, 94.625, 96.225, 96.525, 96.9, 97.2, 97.95, 97.625, 97.65, 97.85, 97.875, 98.25, 98.125, 98.325, 98.2, 98.525, 98.575, 98.525, 98.525, 98.55, 98.725, 98.8, 98.625, 98.55, 98.8, 99.225, 99.025, 98.975, 99.175, 98.975, 99.275, 99.05, 98.85, 99.2, 99.225, 99.4, 98.875, 99.275, 99.325, 99.2, 99.325, 98.975, 99.175, 99.075, 99.575, 99.325]
val_acc: [75.16914749145508, 74.2895805142084, 81.3261163683157, 85.38565629228687, 96.278755053777, 97.42895803077295, 98.91745602165088, 99.25575101488498, 99.12043301759134, 99.3234100135318, 99.25575101488498, 99.18809201623816, 99.39106901217862, 99.45872801082544, 99.3234100135318, 99.18809201623816, 99.3234100135318, 99.45872801082544, 99.3234100135318, 99.39106901217862, 99.25575101488498, 99.3234100135318, 99.39106901217862, 99.25575101488498, 99.12043301759134, 99.3234100135318, 99.3234100135318, 99.18809201623816, 99.12043301759134, 99.3234100135318, 99.25575101488498, 99.18809201623816, 99.18809201623816, 99.12043301759134, 99.25575101488498, 99.39106901217862, 98.9851150202977, 99.12043301759134, 99.18809201623816, 99.12043301759134, 99.18809201623816, 99.05277401894452, 98.44384303112314, 99.12043301759134, 98.51150202976996, 98.9851150202977, 98.9851150202977, 99.12043301759134, 98.71447902571042, 99.12043301759134]
train_loss: [0.926155627131462, 0.615786380469799, 0.4892283347249031, 0.37341970187425616, 0.3222532747387886, 0.28876140996813776, 0.2511585614681244, 0.2334880305826664, 0.22249152529239655, 0.2069410794749856, 0.19069426476955414, 0.1935912505760789, 0.18359618470072747, 0.17618896304816006, 0.1724948405176401, 0.16187685825675727, 0.15850152346491814, 0.15106059963256122, 0.15386536470800638, 0.1394588861092925, 0.1382803118303418, 0.13749851156026124, 0.13724648595601321, 0.1315941928103566, 0.12936512821912766, 0.12553474717587232, 0.1280134074613452, 0.12803851597383617, 0.12205363760888577, 0.11349328698962927, 0.11611986362189054, 0.11870298712700605, 0.11329387975484133, 0.11086685273051262, 0.10327419827133417, 0.10878200999647379, 0.11416946749389172, 0.10745630970597267, 0.10493569508194923, 0.09661262960359454, 0.11207624831050635, 0.10032270363718271, 0.09584291566163301, 0.09989365163818002, 0.09661640467494727, 0.10261345523223281, 0.10130817137658596, 0.10454582948982716, 0.09148571990430356, 0.09576119260117412]
val_loss: [0.6355782038304093, 0.473484308011477, 0.38428405195434295, 0.3350488108775612, 0.23893192317714873, 0.20308105587072076, 0.15969517669755165, 0.11301929506703869, 0.10850484891012009, 0.10164135644093902, 0.0900060819998807, 0.0866963293841953, 0.0849332780008871, 0.08289625885844715, 0.08667639209428886, 0.08097236172998064, 0.08508317572781779, 0.07120786172732288, 0.08175777175107087, 0.07415851024111811, 0.07777005557036368, 0.06984069740780313, 0.07073298326525862, 0.07137377374630335, 0.0812827245772127, 0.06447160116955133, 0.06888508720068874, 0.07182848905194274, 0.06879883544854769, 0.06579238909305513, 0.08238286258342785, 0.07456698109356734, 0.06692829900528323, 0.06776046720667363, 0.0687224349014572, 0.06675345087184474, 0.07683519507898207, 0.06953360099491634, 0.0701190216040821, 0.06555842472106743, 0.06693150573920494, 0.07010547133699482, 0.0777630776983556, 0.06869801892539806, 0.08107293433483302, 0.07097967074369868, 0.06905514776142105, 0.062364662885262614, 0.07218654247578006, 0.06435745974173404]
