train_acc: [56.55, 79.225, 79.925, 82.325, 84.0, 86.45, 88.65, 91.075, 93.05, 94.675, 95.35, 96.35, 96.425, 97.125, 97.125, 97.5, 97.8, 97.75, 97.95, 97.75, 97.95, 98.35, 98.125, 98.75, 98.025, 98.45, 98.5, 98.55, 98.575, 98.9, 98.65, 98.8, 98.8, 98.925, 98.825, 99.075, 99.225, 99.15, 98.9, 99.1, 99.2, 99.25, 99.15, 99.275, 99.35, 99.425, 99.225, 99.225, 99.425, 99.4]
val_acc: [70.16238159675237, 70.83897158322057, 71.44790256846096, 71.51556156968877, 71.85385656292287, 71.71853856562923, 72.73342354533153, 72.59810554803789, 76.45466846832565, 74.6278755074425, 75.10148849797022, 75.10148849797022, 76.86062246278755, 81.7320703653586, 77.74018944519621, 75.30446549391068, 77.87550743990886, 77.19891745602165, 77.063599458728, 77.53721244925575, 76.25169147496617, 75.77807848443842, 76.92828146143437, 77.063599458728, 77.6725304439684, 76.31935047361299, 76.11637347767252, 74.49255751014886, 76.92828145885339, 76.72530446291293, 77.26657645208749, 77.33423545073431, 76.31935047361299, 77.13125845479385, 74.83085250080197, 76.79296346155975, 77.33423545073431, 77.53721244667477, 77.60487144532158, 75.98105547779791, 77.26657645208749, 77.33423545073431, 77.46955344802795, 76.99594045750021, 77.26657645208749, 77.26657645208749, 77.40189444938113, 77.19891745344067, 77.53721244667477, 77.19891745344067]
train_loss: [0.9871978118419648, 0.7000120202302933, 0.6099777027964592, 0.547989705324173, 0.5145029040277004, 0.490932441085577, 0.4375286919772625, 0.40143522700667383, 0.36514480954408646, 0.33266033011674884, 0.31842241472005844, 0.2890806273519993, 0.2805268899649382, 0.26192334429919717, 0.25722167390584944, 0.24572322498261928, 0.23683771570026874, 0.2305725939720869, 0.22440242491662502, 0.22626512567698956, 0.21637731832265855, 0.20299957285821438, 0.20138179175555707, 0.1899510015696287, 0.2012271480113268, 0.19206021674722434, 0.1883473811969161, 0.18551870261132716, 0.18821730411052703, 0.1784530050009489, 0.17566885335743426, 0.17445981658250093, 0.16924905082583427, 0.16785134318470954, 0.17500764912366867, 0.16633533135801554, 0.16215192402899264, 0.1604469260200858, 0.16728766933083533, 0.1583090735077858, 0.15683141584694385, 0.14975696973502636, 0.15541342309117318, 0.1514608155488968, 0.1545091363042593, 0.14743445491045715, 0.14532257701456547, 0.14860576644539833, 0.14607982213050127, 0.14459036742150783]
val_loss: [0.7882138932670727, 0.647915241118213, 0.5762148797915333, 0.5455905512802011, 0.5268948835513588, 0.5483250033629602, 0.5221182078082764, 0.5308836459387624, 0.4594754605719137, 0.47672266324576246, 0.4727141651273258, 0.4569212745910407, 0.4261401809036167, 0.4065854896227949, 0.43190717390651473, 0.5823039544370726, 0.4330032485183102, 0.4350339761646578, 0.46806647262570017, 0.44145228740972176, 0.4954943760362465, 0.6809240600172335, 0.5828685047500672, 0.5767151696030277, 0.4581812313872519, 0.5527816946354868, 0.5780939407777722, 0.5558348628761642, 0.5436888867447276, 0.4694316244819006, 0.45312506129841684, 0.5591110617769265, 0.5612111841309538, 0.5637398361353171, 0.6170627293914194, 0.7549295647218521, 0.6444934694466958, 0.7162796997935266, 0.6532015181845999, 0.7613100996883699, 0.6578617956948054, 0.7034604207225679, 0.5513974922294546, 0.6571478726536398, 0.6924125968361418, 0.7788763624970096, 0.7779775675038362, 0.7434526844421485, 0.5703284619061002, 0.7949648457346169]
