train_acc: [52.0, 79.975, 82.25, 84.45, 86.0, 87.1, 87.925, 90.35, 92.35, 93.675, 94.825, 95.225, 95.075, 95.625, 96.675, 96.8, 96.575, 97.05, 97.725, 97.4, 98.1, 98.1, 97.775, 98.375, 98.125, 98.2, 98.375, 98.275, 98.675, 98.35, 98.75, 98.4, 98.675, 98.85, 99.025, 98.85, 98.625, 98.95, 99.15, 99.2, 99.35, 99.45, 99.075, 99.525, 99.2, 99.2, 99.425, 99.45, 99.225, 99.35]
val_acc: [69.95940460081191, 79.63464140472618, 79.3640054101389, 86.73883626522327, 74.49255750756787, 87.75372124492557, 78.89039241961116, 76.79296346155975, 91.67794316644114, 90.5277401894452, 92.62516914749662, 93.64005412719892, 94.18132611637348, 95.94046008119079, 95.87280108254397, 93.64005412719892, 92.96346414073072, 97.09066305818673, 89.91880919646185, 92.8958051420839, 87.68606224111679, 95.53450608930987, 94.18132611637348, 95.19621109607577, 94.04600811907984, 96.00811907983761, 97.42895805142084, 92.08389715832206, 96.75236806495263, 97.2936400541272, 97.15832205683355, 96.9553450608931, 95.06089309878213, 95.87280108254397, 93.09878213802436, 93.234100135318, 96.14343707713125, 91.8809201623816, 95.06089309878213, 95.80514208389715, 96.82002706359945, 94.9255751014885, 93.50473612990528, 95.26387009472259, 95.80514208389715, 96.75236806495263, 94.5872801082544, 97.76725304465494, 91.67794316644114, 93.97834912043302]
train_loss: [0.9926861321926117, 0.7087741796970367, 0.6107079389691353, 0.5502704826593399, 0.5164822011590003, 0.48079141208529474, 0.45172038751840593, 0.42770271104574203, 0.3907080231308937, 0.3699067807197571, 0.3465441726744175, 0.3346477622687817, 0.32266769909858706, 0.30729157441854477, 0.2832844285666943, 0.2875447212308645, 0.2685748266130686, 0.2670662807971239, 0.24973837201297283, 0.24539956229925156, 0.24164447042346002, 0.2272638879418373, 0.2302700436860323, 0.2174247899055481, 0.21949132768809795, 0.21400024318695068, 0.20722670437395574, 0.2068512034267187, 0.19954406940937042, 0.20387503273785115, 0.1910200255215168, 0.1961880494505167, 0.19364597424864768, 0.18557946035265924, 0.17898092214763164, 0.18265644831955433, 0.18237440733611585, 0.17530659985542296, 0.17197837793827056, 0.16956915732473135, 0.16565569075942038, 0.16426115495711566, 0.16759485540539026, 0.16223098098486663, 0.15671242696791887, 0.16518308958411218, 0.15549843811243771, 0.16154214925318958, 0.15588255585730076, 0.15656221544742585]
val_loss: [0.8284590208804655, 0.5906877259601598, 0.5450589249517985, 0.48574787934836255, 0.484589700608518, 0.46517815278573355, 0.45572017115088376, 0.45466747879981995, 0.37836605939555396, 0.3592734605840159, 0.34529416575644756, 0.32926569014021445, 0.2944905397372575, 0.24911938194331684, 0.2617492877420779, 0.3010915750499023, 0.29076719759926906, 0.22636440960899581, 0.3185794369817909, 0.3074082765269505, 0.339846322980882, 0.2389428014684272, 0.2524770909217117, 0.23871728606491838, 0.26389278806191496, 0.22820759170432858, 0.21582253630170964, 0.25552772112563754, 0.2147194893982801, 0.18441060403203124, 0.1840735869898041, 0.1809882872885393, 0.21499607876366628, 0.20073423336016794, 0.249498383702864, 0.24208924672358414, 0.18330016633412513, 0.272945238547009, 0.21031971550036185, 0.20076348258532756, 0.1702358217781387, 0.2139168021159501, 0.23242128403486836, 0.21537736346579694, 0.1887821257719329, 0.1796280047043412, 0.20680069122891948, 0.1810457021481936, 0.2399706994971016, 0.21690619864950966]
