train_acc: [50.65, 69.9, 82.15, 84.9, 88.6, 90.8, 91.95, 92.15, 93.85, 93.35, 94.7, 95.2, 94.7, 94.35, 95.7, 94.7, 94.95, 94.3, 95.95, 95.95, 96.75, 96.0, 96.05, 96.4, 96.25, 96.05, 96.5, 96.8, 96.85, 96.5, 95.8, 97.2, 97.35, 97.0, 96.7, 97.35, 96.95, 96.55, 96.75, 98.2, 96.45, 96.85, 97.0, 97.5, 96.85, 97.3, 96.9, 97.3, 97.8, 97.55]
val_acc: [78.95805142083897, 73.6129905277402, 73.88362652232748, 79.02571041948579, 80.44654939106901, 85.11502029769959, 84.1001353179973, 84.57374830852504, 80.31123139377537, 80.58186738836265, 88.4979702300406, 87.61840324763193, 86.40054127198917, 95.06089309878213, 94.85791610284168, 90.79837618403248, 95.94046008119079, 96.9553450608931, 97.56427604871448, 98.44384303112314, 98.78213802435724, 97.9702300405954, 98.71447902571042, 98.71447902571042, 98.78213802435724, 98.44384303112314, 98.10554803788904, 97.69959404600812, 98.78213802435724, 98.71447902571042, 99.05277401894452, 98.91745602165088, 99.05277401894452, 98.9851150202977, 98.9851150202977, 98.91745602165088, 98.91745602165088, 98.9851150202977, 98.91745602165088, 99.12043301759134, 98.9851150202977, 99.12043301759134, 98.84979702300406, 98.9851150202977, 99.12043301759134, 98.91745602165088, 98.91745602165088, 99.18809201623816, 99.05277401894452, 98.6468200270636]
train_loss: [1.9734491500854492, 1.7072223830223083, 1.5695274815559388, 1.5136083319187164, 1.4428788166046143, 1.3959870932102203, 1.3742829241752625, 1.3684894504547118, 1.3364551165103913, 1.3219856653213502, 1.3023800375461578, 1.276185567855835, 1.2840430955886841, 1.2896886925697326, 1.2496631808280945, 1.2694858260154724, 1.2690132460594177, 1.278984575986862, 1.2334375364780426, 1.234845056295395, 1.2172891757488251, 1.2205235495567321, 1.2372620799541474, 1.2234683899879455, 1.2225030388832092, 1.2237182207107544, 1.2067208523750306, 1.205231009721756, 1.202728639602661, 1.2061653273105621, 1.2201898350715636, 1.1926960802078248, 1.1838406345844268, 1.189092743873596, 1.195056040763855, 1.178688357114792, 1.1917919919490814, 1.191847470998764, 1.1865335948467255, 1.1549645211696624, 1.198744327068329, 1.192493021249771, 1.1846516172885895, 1.1665693731307984, 1.1855604457855224, 1.1701128461360932, 1.1864362242221833, 1.1753288412094116, 1.1609961707592011, 1.166086018562317]
val_loss: [0.6700475705492641, 0.5121589581682492, 0.516715875739819, 0.47297944904825523, 0.49233793405783194, 0.3497294326374592, 0.3665512279180132, 0.30034199037434123, 0.3919033147041788, 0.46203242502451264, 0.3054485664638679, 0.29310931775502164, 0.2950816319824394, 0.18569905582074384, 0.17542658984177167, 0.2514413894231006, 0.16635821827250016, 0.1395206949163193, 0.14276123336227725, 0.1452391446241668, 0.12979422419940667, 0.14026455576147215, 0.12565461793191054, 0.12188533499978069, 0.10819660092884213, 0.1399523743096845, 0.1404983643165138, 0.12966485869981279, 0.09320036245255413, 0.10072819905227028, 0.08247118576836844, 0.10716062384948678, 0.08502121941162542, 0.09630747156593247, 0.09570363992686523, 0.1082480965088927, 0.10065970826939413, 0.08292389278462678, 0.09930692731588071, 0.08080953268866094, 0.08260030453679365, 0.08318262354184713, 0.10950465398526804, 0.07956686722812858, 0.07310741993627626, 0.10091080271584739, 0.09040428808964637, 0.09541221084489067, 0.08254304965794167, 0.08498587223407542]
