train_acc: [32.65, 68.65, 76.7, 79.85, 81.8, 83.45, 86.65, 88.45, 89.25, 90.8, 92.1, 93.15, 92.85, 94.05, 95.35, 94.8, 94.8, 95.8, 96.0, 96.0, 96.35, 96.45, 96.75, 96.45, 97.25, 96.65, 97.35, 97.55, 97.3, 97.45, 96.9, 97.75, 97.25, 97.6, 97.65, 98.1, 97.7, 97.8, 98.3, 97.75, 98.25, 98.3, 97.55, 97.9, 98.55, 98.4, 97.6, 98.75, 98.0, 98.5]
val_acc: [34.10013531799729, 73.34235453315291, 79.76995940460081, 86.06224627875507, 89.1745602165088, 90.5277401894452, 80.37889039242219, 81.59675236806495, 87.82138024357239, 89.10690121786197, 96.41407307171853, 78.68741542625169, 85.38565629228687, 90.59539918809202, 85.79161028416779, 79.09336941813261, 78.61975642760487, 78.75507442489851, 78.34912043301759, 78.75507442489851, 78.61975642760487, 78.41677943166441, 78.68741542625169, 78.89039242219215, 83.01759133964818, 84.4384303112314, 82.00270635994588, 79.09336941813261, 79.02571041948579, 78.41677943166441, 79.29634641407307, 78.55209742895805, 80.24357239512855, 80.58186738836265, 81.52909336941813, 78.68741542625169, 80.17591339648173, 80.58186738836265, 79.36400541271989, 79.16102841677943, 78.28146143437077, 80.51420838971583, 78.89039242219215, 83.82949932341002, 78.48443843031123, 82.47631935047362, 79.90527740189445, 79.76995940460081, 80.37889039242219, 78.61975642760487]
train_loss: [1.135579715371132, 0.9654125237464904, 0.8287739768028259, 0.7303861468434334, 0.685701289176941, 0.637582439482212, 0.5887294576764107, 0.5678619150519371, 0.53498906904459, 0.5149858583211899, 0.49529397213459014, 0.46030734631419185, 0.46992825493216517, 0.43803641271591187, 0.42030960714817045, 0.4133492496311665, 0.4107249722480774, 0.3754872387945652, 0.3798121384382248, 0.36767766386270523, 0.3557656220793724, 0.34879167836904523, 0.342161637455225, 0.3366292992532253, 0.3363979380428791, 0.3303592675924301, 0.3151435676813126, 0.302121826261282, 0.3081319807469845, 0.3048170226812363, 0.30598423406481745, 0.2945921517908573, 0.30433532655239104, 0.29078439781069754, 0.28754250705242157, 0.2822202107608318, 0.2731201074719429, 0.2779890002012253, 0.265831608235836, 0.2731237794309854, 0.26144193881750105, 0.2553045251071453, 0.26988237237930296, 0.25744618168473243, 0.25338733300566674, 0.24919598042964936, 0.25496579307317735, 0.2406154745221138, 0.2537334614098072, 0.24238509491086005]
val_loss: [1.0428863757356739, 0.8454175321271842, 0.6631443780797744, 0.5558005294312643, 0.4922928503224266, 0.4425027863663169, 0.4798541417060589, 0.43978265625536844, 0.41644761728498386, 0.36871312740126544, 0.32558193621357984, 0.44205619691189313, 0.3630857404739834, 0.3623871002371482, 0.3352060727321408, 0.35485453792773336, 0.43648034398707386, 0.4057624682239654, 0.40561260839518415, 0.37930274243606443, 0.4061923179276419, 0.4469238102274754, 0.4174331991614444, 0.40938069599810406, 0.3536264341682478, 0.3281201979344527, 0.3567699684946721, 0.4247428589123673, 0.4094605527929105, 0.4738659707675606, 0.4030187948227574, 0.47851852745987244, 0.372353609263171, 0.4048212073208999, 0.3618724891595815, 0.4781984874981182, 0.41741417562122757, 0.38253259685026614, 0.41209132751608735, 0.42572248054615375, 0.4495862087837253, 0.38312334427168954, 0.4467761715992539, 0.3334614077585476, 0.4829163619585547, 0.3364207329422598, 0.3755846137082625, 0.38773075869264073, 0.3886637800197963, 0.408881435264028]
