train_acc: [53.85, 74.45, 77.85, 78.85, 80.75, 80.75, 81.45, 81.8, 82.35, 84.55, 83.6, 86.35, 86.2, 87.85, 88.15, 90.55, 89.8, 90.5, 92.9, 92.3, 93.15, 94.7, 93.55, 93.7, 94.95, 95.0, 94.35, 95.85, 95.75, 96.4, 96.25, 96.7, 96.85, 97.1, 96.65, 96.5, 96.8, 97.05, 96.8, 97.05, 97.65, 96.65, 96.9, 97.6, 97.7, 97.3, 97.65, 98.3, 97.55, 97.7]
val_acc: [57.307171853856566, 72.66576454668471, 70.63599458728011, 89.64817320703654, 88.8362652232747, 90.32476319350474, 70.70365358592693, 89.44519621109607, 92.42219215155616, 72.46278755074425, 83.69418132611638, 73.81596752368065, 85.25033829499323, 89.1745602165088, 89.10690121786197, 90.32476319350474, 82.34100135317998, 85.72395128552097, 92.15155615696888, 79.22868741542625, 89.1745602165088, 95.06089309878213, 92.28687415426252, 94.79025710419486, 95.87280108254397, 93.84303112313938, 96.68470906630581, 96.9553450608931, 96.68470906630581, 87.88903924221921, 97.56427604871448, 91.33964817320704, 97.76725304465494, 93.70771312584574, 90.39242219215156, 94.38430311231394, 97.83491204330176, 97.6319350473613, 95.73748308525033, 97.69959404600812, 96.88768606224627, 98.17320703653586, 91.74560216508796, 97.9702300405954, 98.6468200270636, 94.65493910690122, 97.6319350473613, 91.81326116373478, 97.83491204330176, 95.33152909336941]
train_loss: [1.0664359533786774, 0.8670723057985306, 0.7539034835100173, 0.6904073632955551, 0.6382122160196304, 0.6166246310174465, 0.6009065493941307, 0.5838239373862744, 0.5712151714861393, 0.5369247349202633, 0.5531625476777553, 0.5240188735723496, 0.5001075448095799, 0.49427294048666953, 0.4838876089453697, 0.4597452784180641, 0.4625792284011841, 0.45546585777401927, 0.4232171058356762, 0.42466943815350533, 0.4148261635899544, 0.39297625398635866, 0.40877123656868936, 0.3975691260993481, 0.374957507699728, 0.37575017219781875, 0.37477024164795875, 0.36104749983549117, 0.358406181037426, 0.3431504774391651, 0.3339103603363037, 0.33889011925458906, 0.3373547905087471, 0.3160223626792431, 0.33156445547938346, 0.326113805860281, 0.3157393274605274, 0.30738406321406364, 0.3123562182188034, 0.3137937199175358, 0.2979336491823196, 0.31319564989209175, 0.3116419734060764, 0.2901766444444656, 0.28462147879600525, 0.28973388344049456, 0.28554211887717246, 0.27166863974928857, 0.28676305669546126, 0.27877139833569525]
val_loss: [0.9699931644780387, 0.7411062631942584, 0.6204299123829208, 0.5525856995614843, 0.4858113660581702, 0.46747534025425197, 0.508658153681697, 0.44287165011378843, 0.4174199857836002, 0.47060789139651477, 0.44077569520521875, 0.4895260072085144, 0.4112059886949149, 0.3795342009630513, 0.3972735898783468, 0.38077005470758846, 0.41855630121308507, 0.3949304703769245, 0.35526319991429217, 0.4315574494806775, 0.33994427264865906, 0.28408194770872675, 0.3222655152677683, 0.2957510497516805, 0.2896889045088475, 0.3120199130376718, 0.2809884241896811, 0.22788907609708578, 0.2661098214181415, 0.3428886003883024, 0.23999843182841238, 0.31892083004540456, 0.22220866040343037, 0.28061502577084163, 0.30667398141064406, 0.2989506273655188, 0.22821356047635472, 0.23169398586062842, 0.2684691867946127, 0.23005152480608718, 0.24620630770558757, 0.1999342143535614, 0.30321090185513194, 0.2136643085936248, 0.2205624054910688, 0.263748814322871, 0.19669435888085218, 0.27378846151459363, 0.22505046592594322, 0.28064922804922793]
