train_acc: [51.3, 76.0, 79.05, 83.5, 87.95, 89.25, 91.75, 91.45, 91.95, 92.35, 94.55, 95.8, 95.25, 95.75, 95.3, 95.6, 96.05, 95.55, 95.25, 95.85, 97.55, 96.45, 96.2, 96.6, 95.8, 97.2, 96.75, 97.45, 96.95, 96.35, 96.55, 97.45, 97.2, 96.55, 96.8, 96.3, 97.1, 96.65, 97.25, 96.85, 97.65, 98.0, 96.6, 97.35, 97.4, 97.75, 96.8, 97.55, 97.3, 98.35]
val_acc: [76.0487144790257, 75.16914749661704, 72.73342354533153, 75.57510148849796, 81.0554803788904, 85.31799729364005, 82.67929634641408, 82.47631935047362, 87.48308525033829, 91.67794316644114, 85.85926928281461, 80.51420838971583, 79.56698240866035, 87.75372124492557, 85.11502029769959, 84.1001353179973, 82.54397834912044, 82.61163734776726, 96.82002706359945, 88.43031123139377, 95.06089309878213, 94.65493910690122, 93.30175913396482, 97.42895805142084, 98.44384303112314, 98.78213802435724, 97.69959404600812, 95.60216508795669, 98.84979702300406, 96.54939106901217, 98.3085250338295, 95.06089309878213, 98.9851150202977, 98.3085250338295, 98.51150202976996, 96.82002706359945, 95.12855209742895, 92.42219215155616, 97.90257104194858, 98.91745602165088, 98.9851150202977, 97.90257104194858, 99.05277401894452, 98.37618403247632, 98.6468200270636, 98.78213802435724, 98.24086603518268, 98.17320703653586, 98.84979702300406, 98.44384303112314]
train_loss: [1.0287085565328598, 0.7486281735301018, 0.6558585773706436, 0.5750145926475525, 0.507259712010622, 0.47379494205117223, 0.43487775647640226, 0.41656658342480657, 0.4077427481114864, 0.3978460068702698, 0.3498757280409336, 0.32474399408698085, 0.3321251190602779, 0.3116958736479282, 0.31646150375902654, 0.30829856151342394, 0.30443332210183144, 0.3095149743258953, 0.29722370056807995, 0.29435041174292564, 0.249484823808074, 0.26957258860766886, 0.2716897565871477, 0.2697175014913082, 0.27763139578700063, 0.25630312868952754, 0.24169103960692884, 0.24077067689597606, 0.24860194799304008, 0.26181809638440606, 0.24679481799900532, 0.22786753901839257, 0.23570057909190656, 0.25541323055326937, 0.2420386753231287, 0.25738073022663593, 0.24209284043312074, 0.2455091403722763, 0.22718292735517026, 0.22725118100643157, 0.21531685274839402, 0.21243085826933383, 0.23128232611715793, 0.22730977204442024, 0.22464994053542614, 0.2091834831237793, 0.22990295818448067, 0.2227359915226698, 0.219065937936306, 0.19659059052169323]
val_loss: [0.7538124662452202, 0.5264846610361572, 0.5072771947583907, 0.46367139511405214, 0.43176346531336945, 0.3501815316601277, 0.3839967438550376, 0.3637177077839113, 0.2936200165821186, 0.3135087014414138, 0.30781943411522206, 0.45625873615761087, 0.34852819164889753, 0.25457624425665454, 0.31255647261829916, 0.30696283807128627, 0.34136615655257674, 0.35204362074802953, 0.21507471997457203, 0.24689082326480918, 0.20671491349098325, 0.2082892344692402, 0.2359592161003969, 0.179127047808793, 0.12494814486642329, 0.1195703512297109, 0.16633596486022573, 0.16576865050281336, 0.12741308777274235, 0.1435364287633938, 0.13044124138976304, 0.17648196966464205, 0.0989572808035575, 0.12103341844976352, 0.1323258437982512, 0.1551161280988195, 0.18995794491572696, 0.2001443549950326, 0.150905410646989, 0.0998352177451202, 0.09350615844170844, 0.1530111103503888, 0.09846209392899266, 0.12959804609720374, 0.10871592307203677, 0.10516973126160437, 0.11925777622041102, 0.11780649978107947, 0.11369482394564942, 0.11982550064205155]
