train_acc: [54.0, 73.95, 77.675, 79.725, 80.325, 84.025, 83.475, 86.0, 88.5, 89.125, 90.925, 92.125, 92.75, 93.8, 94.275, 94.75, 95.525, 95.975, 95.375, 96.175, 97.125, 96.325, 97.325, 97.025, 97.45, 97.3, 97.475, 97.85, 97.875, 98.3, 98.2, 98.2, 98.225, 98.025, 98.35, 98.575, 98.1, 98.125, 98.85, 98.675, 98.45, 98.625, 98.675, 99.15, 98.45, 98.9, 98.825, 98.65, 98.95, 99.0]
val_acc: [46.07577807848444, 70.63599458728011, 70.09472259810555, 71.51556156968877, 71.85385656292287, 72.5981055454569, 83.08525033571401, 80.7171853830753, 77.26657645466847, 91.00135317481096, 92.69282814614344, 93.30175913396482, 91.94857915586644, 93.50473612990528, 95.19621109607577, 93.16644113667118, 94.9255751014885, 92.82814614343708, 92.62516914749662, 93.70771312584574, 93.234100135318, 93.09878213802436, 93.70771312584574, 90.86603517751732, 97.15832205683355, 92.82814614343708, 94.79025710419486, 94.11366711772666, 95.94046008119079, 96.75236806495263, 95.39918809201623, 96.617050067659, 95.26387009472259, 95.12855209742895, 94.45196211096076, 95.19621109607577, 96.88768606224627, 96.88768606224627, 95.94046008119079, 93.09878213802436, 96.54939106901217, 98.64682001673965, 95.46684709066305, 95.73748308525033, 94.9255751014885, 96.68470906630581, 92.8958051420839, 96.88768606224627, 96.88768606224627, 95.60216508795669]
train_loss: [1.0030743681192398, 0.7515703604221344, 0.639819863140583, 0.5757278426289558, 0.5572348083853722, 0.5123864741623402, 0.5187028060555459, 0.48260869640111925, 0.44481230986118314, 0.42679584434628487, 0.4034125742614269, 0.3904766836166382, 0.3745563566684723, 0.36030528861284256, 0.3433041412085295, 0.32815617668628694, 0.31762961255013944, 0.2914240410923958, 0.31135845270752904, 0.29195825062692166, 0.2637962808907032, 0.2811025414466858, 0.2539858301728964, 0.2589416656047106, 0.25048257771134375, 0.2523178849816322, 0.24098712007701398, 0.24072952057421207, 0.22988117359578608, 0.22260260044038296, 0.22823677474260332, 0.22569645315408707, 0.2183745840191841, 0.2092104968726635, 0.20982417003810405, 0.20534459373354913, 0.21544207508862018, 0.21067062470316886, 0.20485736797749995, 0.20228795009851455, 0.19888511457294225, 0.19369660307466985, 0.1930620259344578, 0.18668936178088189, 0.19868282473087312, 0.1896400822624564, 0.1811923758238554, 0.18311645981669425, 0.1798723187893629, 0.17679342086613178]
val_loss: [1.065125778498927, 0.6097911483380082, 0.5829693649231339, 0.5198879181048222, 0.4839463811443365, 0.45425762399446334, 0.41940288066218767, 0.4143539014422361, 0.4527361931352396, 0.3877603751638745, 0.34268915003949474, 0.3191480361157083, 0.33736728153951434, 0.2984617335144657, 0.2519809944865184, 0.2687388353039673, 0.2518014776367941, 0.29408897792212213, 0.2905082945209072, 0.272354188283177, 0.26920608508732063, 0.26494628767683315, 0.2512227523068775, 0.31465183676337677, 0.1899965138493436, 0.26684615455557753, 0.22545940603390438, 0.2325035208616915, 0.20471363545915916, 0.1982790885420065, 0.21686849490070215, 0.2009913623937896, 0.22075285721212343, 0.22007541013667323, 0.2184758871309812, 0.21655705809109266, 0.1694634426511189, 0.18123514258651838, 0.1881452095323067, 0.2368410657562003, 0.18767034531607518, 0.1469848274942664, 0.1901338007880806, 0.18280589487781707, 0.20207991988394353, 0.18692126232974424, 0.24767734410798276, 0.1665972012507254, 0.1743802016094347, 0.17626716613930843]
