train_acc: [60.725, 79.0, 81.325, 83.275, 84.05, 83.825, 84.25, 85.075, 86.7, 87.5, 89.825, 90.375, 92.25, 93.15, 94.175, 94.325, 95.025, 95.025, 95.675, 96.15, 96.7, 96.925, 96.75, 97.425, 97.025, 97.225, 97.525, 97.05, 97.75, 97.675, 97.9, 97.9, 97.875, 97.675, 98.4, 98.125, 98.2, 98.275, 97.7, 98.25, 98.2, 97.975, 98.675, 98.475, 98.45, 98.55, 98.15, 98.225, 98.5, 98.725]
val_acc: [69.2828146143437, 71.31258457374831, 71.44790257104195, 73.00405953733782, 71.24492557510149, 78.75507442231752, 83.22056833300765, 82.61163734518627, 75.0338294993234, 78.89039242219215, 77.19891745602165, 74.69553450608932, 73.6129905277402, 77.13125845737483, 87.14479025452322, 82.20568335588634, 80.64952638700947, 83.085250338295, 89.1745602165088, 93.36941812744966, 90.52774018686421, 80.44654939106901, 96.00811907983761, 90.32476319350474, 97.22598105548037, 97.49661705006766, 96.48173207036535, 82.67929634641408, 82.54397834912044, 94.65493910690122, 87.55074424898511, 95.1962110909138, 94.85791610284168, 94.5872801082544, 96.41407306655657, 97.15832205683355, 96.75236806495263, 95.73748308525033, 97.56427604871448, 93.91069011662422, 94.11366711256468, 95.94046008119079, 97.02300405953991, 94.11366711256468, 94.9255751014885, 97.2936400541272, 95.06089309878213, 97.42895805142084, 97.76725304465494, 97.09066305818673]
train_loss: [0.9878365018367767, 0.7359577457308769, 0.6267058653831482, 0.5795200949311257, 0.5471816117763519, 0.5194151282310486, 0.5166728411316872, 0.4933978066444397, 0.47527699145674707, 0.4540988237261772, 0.43252074670791624, 0.4213676364719868, 0.39689661279320715, 0.379963471442461, 0.3687503327131271, 0.3646604168713093, 0.3405524892807007, 0.3360996403694153, 0.31845458963513373, 0.3096536737382412, 0.3023777659535408, 0.29269330245256425, 0.2938810566365719, 0.27274877747893334, 0.27795697313547135, 0.2729499795883894, 0.26252372056245804, 0.25538839283585546, 0.24984278009831906, 0.24878549702465536, 0.24111761459708214, 0.24050930322706698, 0.23150589340925218, 0.2391844423264265, 0.218888930991292, 0.22649428269267083, 0.21741228026151657, 0.2203210604786873, 0.22858750708401204, 0.21739279049634933, 0.20881239823997022, 0.2175969206094742, 0.2032030498534441, 0.20272777892649174, 0.20472224494814872, 0.19947483262419702, 0.20704710817337035, 0.19898470519483089, 0.20064475432038306, 0.1884284325093031]
val_loss: [0.8925660325967895, 0.6132189763737628, 0.5601003270833192, 0.4991387032042982, 0.5363674083162547, 0.483379546779741, 0.4607524801655616, 0.4367462725294136, 0.4589510149497624, 0.4162188515127592, 0.44487985488687704, 0.4660505580240722, 0.5544501012329803, 0.44289351642857705, 0.38645689195483235, 0.37808434142956715, 0.4107523248789275, 0.38401307006327484, 0.33338905324471335, 0.3024504657769235, 0.3363397002058842, 0.41945538949095346, 0.27161944759392126, 0.3147036645747973, 0.23303720145328766, 0.2203411838601826, 0.24351587572988218, 0.37196710241986225, 0.37975709801678403, 0.2698813425591253, 0.33436850507785243, 0.2554305193792015, 0.2547779989621636, 0.26277405791821434, 0.23198041477125939, 0.20485786030999056, 0.23755359187903682, 0.22026596566175738, 0.19112621592571996, 0.2477796082164341, 0.261695373022024, 0.23581757907615786, 0.2161621081369333, 0.26968846317879724, 0.24627536944591305, 0.18695080459763136, 0.2312806776153864, 0.1709043932259486, 0.18225256874854898, 0.19254314433657269]
