train_acc: [48.5, 77.825, 81.275, 82.925, 85.2, 86.35, 88.45, 90.925, 92.0, 94.3, 95.375, 95.275, 95.85, 95.8, 96.5, 95.9, 97.025, 97.15, 97.325, 97.175, 97.8, 97.475, 97.825, 97.9, 97.875, 98.1, 97.775, 98.125, 98.325, 98.475, 97.9, 98.125, 98.7, 98.4, 98.375, 98.5, 98.7, 98.575, 98.775, 98.55, 98.775, 98.875, 98.775, 98.6, 98.925, 98.45, 98.975, 98.675, 98.7, 99.1]
val_acc: [64.07307171853857, 85.25033828983126, 85.99458728010825, 86.4005412668272, 84.30311230877578, 89.10690121786197, 88.49797022487863, 83.08525033571401, 92.96346414073072, 88.43031122623181, 93.09878213802436, 92.82814614343708, 90.18944519104912, 94.85791610284168, 91.40730716669188, 95.06089309878213, 94.45196211096076, 88.4979702274596, 94.45196211096076, 94.79025710419486, 94.72259810554804, 93.64005412719892, 96.21109607577807, 94.5872801082544, 95.46684709066305, 92.42219214897517, 94.45196211096076, 97.22598105548037, 95.06089309878213, 95.53450608930987, 95.94046008119079, 97.02300404921597, 96.54939105868823, 96.68470905598187, 95.73748308525033, 96.21109606545413, 94.9255751014885, 96.68470905598187, 94.45196210579878, 94.45196211096076, 95.19621109607577, 97.56427603839053, 96.95534505056915, 96.00811907983761, 93.77537212449256, 96.61705005733505, 98.64682001673965, 93.9106901217862, 95.87280108254397, 96.2787550744249]
train_loss: [1.0463677722215652, 0.8033752185106278, 0.6774960258603095, 0.620487010538578, 0.5693276163935661, 0.5298282989263534, 0.49237710803747176, 0.44774035054445266, 0.42797949582338335, 0.39250359416007996, 0.35931678596138955, 0.3501886260807514, 0.32892991200089455, 0.31870487380027773, 0.3077572937309742, 0.3054890220165253, 0.28630365309119227, 0.2792486172020435, 0.26545719999074935, 0.26216889259219167, 0.2477941210716963, 0.2543184822946787, 0.24597152338922024, 0.2357001622468233, 0.23715732380747795, 0.23292029018700122, 0.2305026494562626, 0.22330644673109054, 0.22245309995114804, 0.21427975170314312, 0.21948768863081933, 0.21269318777322768, 0.19936713092029096, 0.2085536699295044, 0.2044930000156164, 0.20710101361572741, 0.19882380298525096, 0.2021038879454136, 0.19177178846299647, 0.19531863684952258, 0.19182319597899913, 0.18839695905148984, 0.19158307939767838, 0.1873637571632862, 0.18014648850262166, 0.18632451568543912, 0.18106485291570426, 0.18333966106176378, 0.1780639864653349, 0.1767354686111212]
val_loss: [0.9387399877682429, 0.6891005261825128, 0.6505070666660314, 0.5372096104938058, 0.5302737365717495, 0.4716374165956964, 0.4484493612275233, 0.4773991074871791, 0.367707950094556, 0.4128120183460767, 0.36679994067900556, 0.34461467562896153, 0.36353541505352893, 0.3001479750073166, 0.3459516720939554, 0.2688919407830993, 0.2665458271968026, 0.3699061043046324, 0.27244121715406283, 0.26865848697248107, 0.25946696378865325, 0.286447617093023, 0.21532897169277052, 0.2594831939559828, 0.25612496583645655, 0.2769726937049458, 0.24838901259741053, 0.2023139235655574, 0.24980903869552767, 0.2009171320677449, 0.22057112426331948, 0.20819035767299074, 0.21019411415708564, 0.21240004810412616, 0.20343043974755742, 0.22210738433875316, 0.23411036199097382, 0.1856949982486655, 0.22711397003740355, 0.22627996101834294, 0.22114748389778988, 0.18756749560610367, 0.1911543395788647, 0.19680633919164842, 0.22568444246287597, 0.18612536929134427, 0.1707354002658666, 0.24249453844656318, 0.2042281255226819, 0.18296972082496818]
