train_acc: [53.35, 70.55, 74.0, 75.95, 79.1, 83.25, 87.85, 90.95, 92.65, 93.6, 92.95, 94.15, 94.95, 94.3, 94.75, 95.3, 95.9, 96.75, 95.3, 96.25, 95.9, 96.3, 97.5, 97.2, 96.8, 96.2, 96.7, 97.15, 97.4, 97.15, 97.25, 97.1, 97.0, 96.85, 97.35, 97.3, 96.85, 98.15, 97.6, 97.0, 97.35, 97.3, 97.8, 97.85, 98.35, 97.05, 97.65, 97.7, 98.35, 98.05]
val_acc: [70.29769959404601, 71.24492557510149, 70.29769959404601, 71.65087956698241, 77.13125845737483, 84.7767253044655, 94.5872801082544, 94.04600811907984, 95.66982408660351, 97.83491204330176, 96.34641407307171, 96.41407307171853, 94.99323410013533, 96.41407307171853, 98.57916102841678, 98.10554803788904, 98.3085250338295, 99.12043301759134, 98.91745602165088, 98.9851150202977, 98.78213802435724, 98.78213802435724, 99.05277401894452, 99.18809201623816, 98.78213802435724, 98.9851150202977, 99.18809201623816, 98.9851150202977, 99.05277401894452, 99.25575101488498, 99.05277401894452, 99.05277401894452, 99.18809201623816, 99.18809201623816, 99.45872801082544, 99.12043301759134, 99.25575101488498, 99.25575101488498, 99.18809201623816, 99.25575101488498, 99.25575101488498, 99.52638700947226, 99.05277401894452, 99.25575101488498, 98.78213802435724, 98.9851150202977, 99.18809201623816, 98.91745602165088, 99.39106901217862, 99.3234100135318]
train_loss: [1.9785365873575211, 1.6248548960089684, 1.5767513092160226, 1.553095462679863, nan, nan, nan, nan, nan, nan, nan, nan, nan, nan, nan, nan, nan, nan, nan, nan, nan, nan, nan, nan, nan, nan, nan, nan, nan, nan, nan, nan, nan, nan, nan, nan, nan, nan, nan, nan, nan, nan, nan, nan, nan, nan, nan, nan, nan, nan]
val_loss: [0.8325070526667635, 0.568286948460526, 0.5606654842103125, 0.4528145865210822, 0.4001918466350868, 0.344314152417712, 0.28184394086730014, 0.24826974794772708, 0.22137300779032287, 0.2185550452750655, 0.21159811719183347, 0.22350543144591284, 0.2309123432825802, 0.22358134530071316, 0.16804505492458485, 0.17259005369449662, 0.14939711744996628, 0.12076516142959362, 0.1238663606194424, 0.11395446348214504, 0.12280349072487332, 0.11423932532093038, 0.10617322652664979, 0.1118477130250776, 0.12241425756390266, 0.11207268164771658, 0.10141876279420556, 0.12317969446374212, 0.12602971860929738, 0.09814843263209914, 0.10771448352198962, 0.11021005083001514, 0.09671967113655217, 0.0973778143777173, 0.09299717548130652, 0.10588300728184928, 0.1105306261447189, 0.08243711083038573, 0.09546506163917472, 0.0905802294117914, 0.10884004502641655, 0.07940030868728526, 0.11741392748967236, 0.09277409998163158, 0.1209742444616532, 0.11295277263379387, 0.0980791627191239, 0.10571755327697697, 0.09050405951511714, 0.09400105858486302]
