train_acc: [55.85, 72.45, 80.95, 86.55, 90.2, 92.55, 93.65, 94.6, 95.85, 96.1, 95.95, 95.55, 96.65, 97.7, 97.25, 96.85, 97.75, 97.4, 97.45, 98.15, 97.95, 98.45, 97.75, 97.75, 98.1, 98.2, 98.3, 98.1, 98.45, 98.15, 98.45, 98.95, 98.7, 98.15, 98.2, 98.75, 98.75, 98.7, 98.1, 98.5, 98.4, 99.05, 98.65, 98.4, 99.25, 98.85, 98.9, 98.85, 99.0, 99.1]
val_acc: [70.50067658998647, 72.73342354533153, 80.51420838971583, 74.08660351826794, 86.46820027063599, 87.61840324763193, 91.61028416779432, 92.69282814614344, 84.91204330175914, 84.4384303112314, 94.04600811907984, 91.61028416779432, 89.98646820027064, 97.2936400541272, 93.64005412719892, 95.53450608930987, 98.24086603518268, 97.09066305818673, 96.00811907983761, 98.71447902571042, 98.9851150202977, 97.9702300405954, 97.76725304465494, 98.71447902571042, 97.2936400541272, 98.44384303112314, 94.31664411366712, 97.76725304465494, 98.3085250338295, 97.49661705006766, 99.12043301759134, 99.18809201623816, 99.39106901217862, 98.78213802435724, 99.05277401894452, 99.18809201623816, 98.91745602165088, 99.3234100135318, 98.9851150202977, 98.44384303112314, 98.91745602165088, 98.91745602165088, 98.44384303112314, 98.24086603518268, 98.37618403247632, 98.84979702300406, 98.37618403247632, 98.91745602165088, 98.44384303112314, 98.44384303112314]
train_loss: [1.4803902014493941, 1.1500400834083557, 1.045926388323307, 0.9681858956217766, 0.9027100253105164, 0.851230814576149, nan, nan, nan, nan, nan, nan, nan, nan, nan, nan, nan, nan, nan, nan, nan, nan, nan, nan, nan, nan, nan, nan, nan, nan, nan, nan, nan, nan, nan, nan, nan, nan, nan, nan, nan, nan, nan, nan, nan, nan, nan, nan, nan, nan]
val_loss: [0.7145934499326352, 0.5307103737845956, 0.41279246449389867, 0.5094163931291222, 0.348239015308946, 0.2893756847117847, 0.2509239780463288, 0.25963105204866765, 0.2954252170895369, 0.291864749870902, 0.22583376591538706, 0.23179295249737003, 0.24074695856185663, 0.1856562808831506, 0.23911587920176, 0.20571097043999478, 0.15987306695144135, 0.14989887249022119, 0.18993309627164845, 0.11706284551562411, 0.10865423985642252, 0.1414400064644778, 0.12520142752520932, 0.10406032811562974, 0.15845637631896223, 0.10860847922720025, 0.22002521585748708, 0.12296440513333222, 0.0991685753121105, 0.13218179865360905, 0.10164672769958982, 0.08792689214781915, 0.07389255310125216, 0.08622267386083352, 0.09087774787143538, 0.09738795476409837, 0.10068704471677663, 0.07938038890977189, 0.09960046510372175, 0.09836189044042111, 0.08326488036627053, 0.09157731728086371, 0.0990982215564209, 0.10044844985431682, 0.1078995272658352, 0.07914143737219022, 0.10014355183907953, 0.09683742606067205, 0.09651949463339071, 0.09929309679001207]
