train_acc: [52.4, 74.05, 79.55, 85.8, 89.5, 91.05, 92.65, 92.95, 93.05, 94.6, 95.05, 95.1, 95.95, 96.1, 96.0, 96.6, 96.05, 96.75, 96.75, 97.5, 96.0, 97.0, 97.2, 96.65, 97.25, 96.9, 97.0, 97.6, 97.45, 97.85, 97.65, 97.3, 97.65, 97.45, 97.4, 97.75, 97.85, 97.65, 97.9, 98.2, 97.75, 98.75, 97.85, 98.1, 97.9, 98.2, 97.75, 98.55, 98.05, 97.7]
val_acc: [73.41001353179973, 72.12449255751015, 75.43978349120432, 76.58998646820027, 76.86062246278755, 77.40189445196211, 78.01082543978349, 78.48443843031123, 78.48443843031123, 80.78484438430311, 78.61975642760487, 78.61975642760487, 78.68741542625169, 79.43166441136671, 78.55209742895805, 92.76048714479026, 85.72395128552097, 91.2043301759134, 82.88227334235454, 98.9851150202977, 93.03112313937754, 98.37618403247632, 98.84979702300406, 96.54939106901217, 99.12043301759134, 99.18809201623816, 98.9851150202977, 98.9851150202977, 98.71447902571042, 99.18809201623816, 99.45872801082544, 98.84979702300406, 99.39106901217862, 99.25575101488498, 99.25575101488498, 98.78213802435724, 98.6468200270636, 99.18809201623816, 99.05277401894452, 99.45872801082544, 99.12043301759134, 99.39106901217862, 99.3234100135318, 99.45872801082544, 99.45872801082544, 99.3234100135318, 99.25575101488498, 99.3234100135318, 99.25575101488498, 99.05277401894452]
train_loss: [1.1459190658330918, 0.8726455355882645, 0.7611626704335213, 0.683952811062336, 0.6149715310931205, 0.575148891210556, 0.5444055391550064, 0.5149150275588036, 0.5136493574976921, 0.4923321105241775, 0.464815798997879, 0.466596206843853, 0.44465624314546587, 0.42951261469721796, 0.4375934156179428, 0.41258186200261115, 0.4234918416440487, 0.39450016981363295, 0.41015136137604713, 0.3884860179424286, 0.4105751239955425, 0.39387404653429986, 0.3851464376747608, 0.38380721524357797, 0.38110909387469294, 0.37737400335073473, 0.3762258616387844, 0.36067367273569106, 0.3651729072630405, 0.35584347242116926, 0.3668870424628258, 0.3688639802336693, 0.3597414302229881, 0.35672143468260764, 0.3545684868693352, 0.3506693589091301, 0.33890195688605307, 0.35192517840862275, 0.34062834599614145, 0.3416078088581562, 0.34429385522007944, 0.3159294691383839, 0.3473601810932159, 0.34007672864198685, 0.3417819893360138, 0.32853744947910307, 0.3389671373069286, 0.3207305003106594, 0.3257270879149437, 0.3404798471927643]
val_loss: [0.6915955069261894, 0.537973149219611, 0.5294319376329285, 0.495783733902184, 0.6091399594072722, 0.5556247883422126, 0.5264141122647971, 0.5153989297248353, 0.5256149023972926, 0.40104448097645834, 0.40706687822877474, 0.47904575011202705, 0.46454143201546677, 0.3933330664413708, 0.422932951714899, 0.22549705329339784, 0.2747150373737125, 0.2205032277423813, 0.299080228198607, 0.1286632281315988, 0.211781079869551, 0.15608546980662985, 0.11908612601932879, 0.14438832614757371, 0.0995084543854845, 0.08448572267295543, 0.10321413787114604, 0.08900367874899155, 0.1268818734846354, 0.08474885565461907, 0.07652969523780401, 0.12087262330604504, 0.08467218204223739, 0.08676927851787762, 0.08291943460521421, 0.10643873190323297, 0.10277077583885967, 0.08816281585615124, 0.08374750073772322, 0.06986915982543858, 0.07897303416740266, 0.07532584204443092, 0.0753212853288215, 0.06877948766692726, 0.06767859114321385, 0.07264512408328153, 0.07723331322366717, 0.07043907709712105, 0.0793876704761156, 0.09438160460074313]
