train_acc: [58.65, 73.5, 74.85, 76.75, 81.4, 88.85, 89.05, 91.75, 93.8, 95.2, 94.0, 95.7, 95.95, 97.05, 97.3, 97.25, 97.2, 96.95, 96.8, 98.0, 97.6, 98.1, 98.15, 98.05, 98.25, 97.85, 98.15, 98.3, 98.1, 98.4, 97.55, 97.95, 98.65, 98.45, 98.2, 98.75, 98.6, 99.05, 98.65, 98.7, 98.6, 98.5, 98.8, 98.65, 98.35, 98.75, 98.35, 98.85, 99.0, 98.9]
val_acc: [71.04194857916103, 71.17726657645467, 71.44790257104195, 72.59810554803789, 73.20703653585927, 78.07848443843031, 84.4384303112314, 93.97834912043302, 78.61975642760487, 98.3085250338295, 98.9851150202977, 98.24086603518268, 98.44384303112314, 98.51150202976996, 98.03788903924222, 96.21109607577807, 98.6468200270636, 98.9851150202977, 98.17320703653586, 98.9851150202977, 98.91745602165088, 98.71447902571042, 99.25575101488498, 99.12043301759134, 99.18809201623816, 99.05277401894452, 99.05277401894452, 94.72259810554804, 98.9851150202977, 98.51150202976996, 99.05277401894452, 99.3234100135318, 99.12043301759134, 99.3234100135318, 99.39106901217862, 99.18809201623816, 99.25575101488498, 99.45872801082544, 99.18809201623816, 99.18809201623816, 99.18809201623816, 99.25575101488498, 97.22598105548037, 98.84979702300406, 99.25575101488498, 98.24086603518268, 98.6468200270636, 99.12043301759134, 98.6468200270636, 99.18809201623816]
train_loss: [1.4294811009168624, 1.1913417153358459, 1.1266753653287886, 1.0833754447698594, 1.0248666779994964, 0.9352061114311219, 0.9167042278051376, 0.8636638313531876, 0.8255134797096253, 0.7969309462308883, 0.8044823008775711, 0.7719551792144775, 0.7780738283395767, 0.75414391040802, 0.7177012821435929, 0.7237564024925232, 0.7130208526849746, 0.7145840436220169, 0.7201515926122666, 0.6953486660718918, 0.6936196409463883, 0.6936003797054291, 0.6820067087411881, 0.6745564622879028, 0.6761377415657044, 0.6781393142938614, 0.6795134212970734, 0.6643617782592773, 0.6659767708778381, 0.6587168016433715, 0.6835481108427047, 0.6727645058631897, 0.655869535446167, 0.6581927498579025, 0.659716952085495, 0.6508983277082443, 0.6425587488412857, 0.6371509736776352, 0.6461461815834045, 0.6421050602197647, 0.6513260881900788, 0.6509846522808075, 0.6432969187498092, 0.6357991075515748, 0.6469261181354523, 0.6439763846397399, 0.6454697673320771, 0.637299733042717, 0.6328336369991302, 0.6308983203172683]
val_loss: [0.5664912389442627, 0.4653200115580036, 0.4239411988926998, 0.46285727700780627, 0.37487715588320497, 0.35822313355536517, 0.32427410957818104, 0.2446312811956596, 0.34904004885476075, 0.21613070135873128, 0.18455141131464942, 0.17337239029563972, 0.1553394633152488, 0.16871195672652073, 0.15519328119991918, 0.17864272950144033, 0.14009857346103383, 0.1312486037753109, 0.13481476080272453, 0.1152952255955891, 0.12219430277368536, 0.12635625889764265, 0.09213859743170229, 0.10154418692154071, 0.10014842755094433, 0.084381095807954, 0.10695327167098029, 0.17114386414914962, 0.09960574987413758, 0.10769814096582758, 0.08959974681250298, 0.09244748097573469, 0.0896360228324614, 0.07859483598674748, 0.0799495054154338, 0.07843395599311517, 0.08068891193753006, 0.07471387244569433, 0.08586678190184543, 0.0895182620053443, 0.07935694631829314, 0.0816869517594213, 0.1292631199459907, 0.09214548891125415, 0.07263870909305968, 0.10582382919541554, 0.09494687630435772, 0.08525594974161001, 0.10058223372968027, 0.08226090750791869]
