train_acc: [64.75, 87.35, 92.7, 93.925, 95.35, 95.6, 96.475, 96.775, 96.7, 97.3, 97.35, 97.95, 97.55, 98.025, 98.2, 97.85, 98.4, 98.25, 98.4, 98.075, 98.45, 98.75, 98.4, 98.175, 98.225, 98.5, 98.65, 98.75, 98.5, 98.775, 99.1, 98.425, 98.7, 98.975, 98.9, 98.725, 98.85, 99.075, 99.175, 98.8, 98.9, 98.8, 98.775, 99.275, 99.25, 98.95, 99.15, 99.225, 99.15, 99.3]
val_acc: [72.39512855209743, 76.11637347251056, 78.48443843031123, 82.34100134285603, 82.40866034150285, 88.36265221209906, 90.46008117015049, 80.04059538886415, 95.46684707001518, 94.45196209031288, 84.43843030090746, 77.33423544299134, 91.47496614985279, 79.16102840645549, 95.39918807136836, 98.10554803788904, 96.07577807848443, 94.79025710419486, 88.8362652026268, 95.19621109607577, 96.21109605513018, 86.8064952432222, 88.56562920803952, 93.57239510790421, 95.60216506730882, 94.58728008760652, 81.25845737483085, 92.35453313226145, 94.58728008760652, 89.24221919450773, 95.33152907272154, 82.61163733744331, 87.48308524001435, 85.85926927249066, 90.86603517235535, 82.27334235453316, 93.1664411160233, 90.52774016879731, 81.25845737483085, 88.43031122106983, 87.0094722494866, 91.3396481628831, 84.16779430632018, 92.42219214123222, 80.92016238159675, 87.82138024357239, 91.40730715120597, 82.54397834912044, 78.89039242219215, 80.58186738836265]
train_loss: [0.9980978746414184, 0.6657068546414375, 0.5233070687353611, 0.45231952571868894, 0.41114696675539014, 0.388661417722702, 0.3505261730700731, 0.3391935325264931, 0.3303283232152462, 0.3104137701243162, 0.31612320251762865, 0.29507078871130943, 0.29522803538292647, 0.2832652561366558, 0.2815950768440962, 0.28388325367867945, 0.2662038906440139, 0.266497406437993, 0.2634976795613766, 0.255890234388411, 0.2636705616563559, 0.24841572649776936, 0.2746788308545947, 0.26680223835259675, 0.25487261171638964, 0.25541285908967254, 0.2504362710043788, 0.2414247394800186, 0.23804449105262757, 0.22984422813355923, 0.22651755794137715, 0.2429930425360799, 0.23875835786014796, 0.2377711736485362, 0.2310734053850174, 0.23491099926829337, 0.2339952205941081, 0.23509743871539832, 0.21901573695242404, 0.23573485873639582, 0.23085672423243522, 0.23083533847332, 0.23121682216972111, 0.2169483251348138, 0.2164109594002366, 0.2333718453422189, 0.2118950614184141, 0.20697846041619777, 0.2112990430817008, 0.21550132899731397]
val_loss: [0.664483829506034, 0.5337816353418507, 0.4662814460120117, 0.39414692949377633, 0.3989101469678066, 0.3108723129930935, 0.29320166406192705, 0.4294789858535436, 0.22747748789751804, 0.22017269040154186, 0.36978561766899326, 0.5553696330974486, 0.25732774330814734, 0.592689697490816, 0.17984653166488962, 0.13704117688984283, 0.17160554636516817, 0.19918897187435577, 0.3031902736473793, 0.20054747047298493, 0.15993307088281208, 0.3187799354730343, 0.25343695894912066, 0.18169729173667376, 0.1464231020603354, 0.17645893786329378, 0.4109754124719332, 0.21873925176621775, 0.15339517059039037, 0.26774170301118627, 0.1524651221860407, 0.44751644412784036, 0.3297792825550446, 0.3617697525794677, 0.24920591806768563, 0.3933834762328855, 0.20416837502195323, 0.246006321761863, 0.4146178758555723, 0.2894631430547034, 0.3527725690191912, 0.24760167791693394, 0.4131788745199876, 0.24883052731923386, 0.5081539964845281, 0.298168845484802, 0.24950731137366675, 0.4433954744643868, 0.6116097206816944, 0.4615714424396884]
